0 0.425184 0.011023 0.045044 0.022046
0 0.378339 0.065626 0.059457 0.050674
0 0.338701 0.024198 0.055854 0.048397
0 0.227894 0.001902 0.043242 0.003804
0 0.186454 0.012037 0.050449 0.024073
0 0.236902 0.036235 0.036035 0.056755
0 0.197264 0.044343 0.039638 0.056755
0 0.214381 0.112246 0.052250 0.058782
0 0.163031 0.173055 0.054052 0.038512
0 0.121591 0.131502 0.043242 0.052701
0 0.123393 0.042316 0.046845 0.044593
0 0.007644 0.074747 0.015288 0.056755
0 0.056728 0.021158 0.043242 0.042316
0 0.315278 0.143664 0.048647 0.052701
0 0.282847 0.064612 0.045044 0.052701
0 0.362123 0.212580 0.041440 0.044593
0 0.428788 0.206499 0.030630 0.048647
0 0.381942 0.230823 0.034233 0.036485
0 0.450409 0.167987 0.041440 0.044593
0 0.409869 0.164947 0.028828 0.038512
0 0.226993 0.245012 0.027026 0.052701
0 0.307170 0.264268 0.018017 0.038512
0 0.283748 0.273389 0.036035 0.044593
0 0.255821 0.233863 0.019819 0.022297
0 0.083754 0.210553 0.043242 0.044593
0 0.072944 0.090963 0.043242 0.044593