0 0.002490 0.145392 0.004981 0.055414
0 0.023290 0.008773 0.043455 0.017546
0 0.032536 0.046150 0.049003 0.057208
0 0.045942 0.087756 0.036983 0.036405
0 0.088011 0.076835 0.039757 0.041606
0 0.090784 0.005132 0.043455 0.010265
0 0.119909 0.033668 0.035134 0.046807
0 0.213291 0.045110 0.038832 0.050967
0 0.262756 0.023855 0.043455 0.047710
0 0.330712 0.088796 0.048078 0.067610
0 0.409764 0.022295 0.056399 0.044590
0 0.143948 0.151725 0.049927 0.052008
1 0.173534 0.013974 0.020341 0.027947
1 0.230396 0.089316 0.024964 0.024964
1 0.462465 0.026907 0.024964 0.029124
1 0.443511 0.081515 0.027737 0.034325
1 0.410226 0.071114 0.016642 0.026004
1 0.376017 0.053431 0.016642 0.019763
1 0.378328 0.099198 0.034209 0.032245
0 0.069057 0.206333 0.025888 0.028084
0 0.029762 0.199572 0.024964 0.029124
0 0.112512 0.254700 0.024039 0.043686
0 0.063509 0.347274 0.027737 0.031205
0 0.148570 0.199572 0.029586 0.043686
0 0.163364 0.209974 0.025888 0.041606
0 0.173072 0.253140 0.039757 0.046807
0 0.230396 0.252620 0.032360 0.047847
0 0.458766 0.217255 0.054550 0.041606
0 0.456455 0.272383 0.035134 0.045767
0 0.356601 0.298387 0.029586 0.035365
0 0.355676 0.336872 0.036983 0.041606
0 0.344581 0.381599 0.027737 0.027044
1 0.057962 0.275503 0.025888 0.035365
1 0.012801 0.369117 0.025602 0.039526
1 0.302975 0.247419 0.031436 0.041606
0 0.303437 0.411243 0.034209 0.057208
0 0.348279 0.438287 0.044380 0.069690
0 0.440275 0.492375 0.041606 0.042646
0 0.311758 0.526700 0.032360 0.046807
0 0.279398 0.562065 0.032360 0.040566
0 0.260444 0.522019 0.042531 0.035365
0 0.377866 0.642156 0.048078 0.042646
0 0.184629 0.486654 0.042531 0.043686
0 0.096794 0.489774 0.046229 0.049927
0 0.046867 0.486134 0.040681 0.053048
0 0.035310 0.735770 0.065645 0.046807
0 0.409719 0.718155 0.047649 0.043554
0 0.441629 0.748150 0.041186 0.043497
0 0.433224 0.796375 0.031099 0.045388
0 0.296218 0.778881 0.041186 0.040660
0 0.156270 0.902754 0.040345 0.053899
0 0.082724 0.868713 0.044548 0.038769
0 0.123070 0.974780 0.044548 0.050439
0 0.378169 0.933486 0.047069 0.039715
0 0.437426 0.959962 0.029418 0.045388
0 0.153749 0.851692 0.040345 0.031205
1 0.076000 0.827107 0.032780 0.025531
1 0.111723 0.719309 0.031940 0.033096
1 0.060451 0.933486 0.023535 0.028368
0 0.007531 0.848855 0.015062 0.046334
0 0.228556 0.996529 0.047069 0.006942
0 0.310507 0.983763 0.059677 0.032473
1 0.280944 0.496483 0.045782 0.053958
1 0.186110 0.604398 0.034882 0.034337
1 0.255873 0.567609 0.026161 0.039242
1 0.150138 0.323573 0.032702 0.041695