1 0.212234 0.706738 0.186300 0.178372
1 0.356913 0.506070 0.051530 0.057971
0 0.436190 0.760250 0.051530 0.053512
1 0.366823 0.613093 0.039638 0.049052
1 0.407452 0.688901 0.041620 0.053512
1 0.493665 0.582993 0.031711 0.037904
1 0.286555 0.550663 0.029729 0.035674
1 0.247908 0.550663 0.027747 0.035674
1 0.001336 0.954201 0.002672 0.032037
0 0.101879 0.952537 0.050852 0.050967
0 0.023290 0.984850 0.043455 0.030301
0 0.090784 0.990570 0.043455 0.018859
0 0.158279 0.957737 0.052701 0.046807
0 0.262756 0.994731 0.043455 0.010538
0 0.409764 0.992651 0.056399 0.014699
0 0.406528 0.952537 0.062871 0.038486
1 0.454606 0.819917 0.029586 0.027044
1 0.484655 0.815237 0.019416 0.026004
1 0.488353 0.858403 0.028662 0.033285
1 0.173534 0.998892 0.020341 0.002217
1 0.463389 0.985301 0.023114 0.029124