1 0.002091 0.939481 0.004182 0.121038
0 0.059000 0.909797 0.042512 0.033982
1 0.063622 0.929412 0.127244 0.141176
0 0.223455 0.932452 0.053699 0.051602
0 0.241355 0.986048 0.040275 0.027903
0 0.164721 0.850644 0.043631 0.049085
0 0.084172 0.622840 0.046987 0.054119
1 0.246389 0.665632 0.069362 0.044050
1 0.359382 0.502646 0.049225 0.027689
1 0.301207 0.509568 0.058174 0.013844
1 0.239117 0.515232 0.050343 0.012586
1 0.178146 0.520895 0.049225 0.011327
1 0.116615 0.525300 0.055937 0.012586
1 0.055644 0.534110 0.057056 0.015103
1 0.010761 0.535998 0.021523 0.016362
0 0.381197 0.534740 0.025731 0.026430
0 0.070747 0.468664 0.051462 0.035240
0 0.067950 0.510197 0.030206 0.022654
0 0.177587 0.429019 0.036918 0.041533
0 0.206674 0.401959 0.036918 0.037757
0 0.279951 0.352875 0.055937 0.055378
0 0.285545 0.310083 0.038037 0.035240
0 0.202758 0.322039 0.042512 0.046568
0 0.170315 0.230792 0.049225 0.057895
0 0.310717 0.483767 0.036918 0.037757
0 0.256458 0.233309 0.035800 0.027689
0 0.144584 0.272325 0.049225 0.035240
0 0.094241 0.104934 0.035800 0.032723
1 0.194927 0.086685 0.029087 0.033982
0 0.315192 0.091090 0.034681 0.035240
1 0.235202 0.112485 0.017900 0.022654
1 0.079697 0.164087 0.022375 0.030206
1 0.232964 0.140174 0.022375 0.012586
1 0.257577 0.161570 0.024612 0.015103
1 0.229049 0.187371 0.027968 0.016362
0 0.119412 0.430277 0.021256 0.028947
1 0.327498 0.380563 0.021256 0.012586
0 0.021389 0.056479 0.042779 0.049085