0 0.039982 0.855735 0.050343 0.047826
0 0.127244 0.886570 0.052581 0.033982
0 0.144584 0.833080 0.022375 0.030206
1 0.014677 0.813572 0.029354 0.018879
1 0.061238 0.808538 0.052581 0.023913
1 0.120531 0.804133 0.052581 0.017620
1 0.183740 0.799099 0.051462 0.017620
1 0.241914 0.791547 0.051462 0.020137
1 0.299529 0.789030 0.048106 0.012586
0 0.006846 0.588915 0.013691 0.042792
0 0.135075 0.620380 0.048106 0.040275
0 0.121090 0.549899 0.040275 0.045309
0 0.204996 0.528504 0.038037 0.050343
0 0.274358 0.469350 0.033562 0.045309
0 0.097038 0.481936 0.048106 0.040275
0 0.151296 0.449213 0.040275 0.045309
0 0.092003 0.441032 0.044750 0.033982
0 0.128922 0.244064 0.044750 0.037757
0 0.173112 0.294407 0.025731 0.032723
0 0.197165 0.422783 0.031325 0.042792
1 0.019152 0.128275 0.038304 0.015103
1 0.066272 0.123869 0.044750 0.021396
1 0.126684 0.116947 0.049225 0.015103
1 0.184299 0.111284 0.048106 0.021396
1 0.241355 0.107508 0.041393 0.018879
0 0.108784 0.100586 0.042512 0.032723
0 0.060679 0.030734 0.042512 0.041533
0 0.095359 0.018199 0.022375 0.036398
0 0.150178 0.025071 0.038037 0.045309
0 0.126684 0.065949 0.017900 0.032723