0 0.336295 0.553103 0.035800 0.035240
0 0.247914 0.609739 0.046987 0.032723
0 0.297698 0.619178 0.043631 0.028947
0 0.229455 0.645608 0.027968 0.028947
0 0.257424 0.657565 0.027968 0.037757
0 0.310004 0.682107 0.032443 0.031465
0 0.345245 0.726158 0.035800 0.036499
0 0.306648 0.790345 0.032443 0.039016
0 0.271408 0.838801 0.035800 0.027689
0 0.144431 0.891661 0.041393 0.027689
0 0.128209 0.864602 0.035800 0.041533
0 0.080663 0.832508 0.036918 0.045309
0 0.085138 0.880963 0.036918 0.033982
1 0.077307 0.648126 0.050343 0.018879
1 0.131006 0.638686 0.048106 0.020137
1 0.182468 0.749441 0.034681 0.030206
0 0.260780 0.771467 0.027968 0.028947
0 0.034795 0.790345 0.019019 0.026430
0 0.049898 0.720494 0.013425 0.017620
0 0.042626 0.761398 0.014544 0.021396
1 0.183587 0.629876 0.052581 0.017620
1 0.240083 0.624842 0.049225 0.015103
1 0.351957 0.609739 0.046987 0.017620
1 0.407894 0.605334 0.046987 0.013844
1 0.461034 0.598412 0.045868 0.015103
1 0.517531 0.590860 0.042512 0.015103
1 0.560602 0.585826 0.027968 0.012586
1 0.580180 0.571981 0.031325 0.072998
1 0.647864 0.561283 0.030206 0.066705
1 0.627167 0.620437 0.013425 0.041533
1 0.631642 0.672039 0.017900 0.046568
1 0.634998 0.724270 0.020137 0.045309
1 0.681985 0.569464 0.053699 0.007551
1 0.740719 0.563801 0.048106 0.008810
1 0.793859 0.556878 0.046987 0.012586
1 0.851474 0.550585 0.048106 0.010069
1 0.906852 0.543663 0.049225 0.013844
1 0.964467 0.538000 0.048106 0.015103
1 0.998176 0.532965 0.003649 0.020137
0 0.988107 0.588972 0.023786 0.056636
0 0.915242 0.595265 0.036918 0.028947
0 0.910208 0.719235 0.033562 0.040275
1 0.835812 0.824327 0.048106 0.054119
0 0.797215 0.579533 0.031325 0.022654
0 0.895105 0.492691 0.041393 0.015103
0 0.765331 0.602187 0.036918 0.027689
0 0.743516 0.655677 0.049225 0.031465
0 0.666323 0.647496 0.051462 0.047826
0 0.768128 0.750071 0.040275 0.036499
0 0.820709 0.752588 0.029087 0.026430
0 0.858187 0.760139 0.030206 0.026430
0 0.984751 0.825586 0.030499 0.031465
0 0.966704 0.575757 0.027968 0.015103
0 0.667442 0.794121 0.031325 0.031465
0 0.886155 0.512199 0.030206 0.018879
0 0.481731 0.557508 0.044750 0.028947
0 0.454322 0.573869 0.025731 0.021396
0 0.447050 0.675814 0.035800 0.049085
0 0.436981 0.726787 0.038037 0.037757
0 0.476697 0.785940 0.032443 0.050343
0 0.420760 0.822439 0.019019 0.032723
0 0.373773 0.890403 0.023494 0.032723
0 0.525921 0.885368 0.027968 0.035240
1 0.486206 0.690288 0.038037 0.055378
1 0.483409 0.731192 0.021256 0.021396
1 0.509699 0.749441 0.017900 0.017620
1 0.488443 0.750700 0.020137 0.012586
1 0.365382 0.813629 0.013425 0.015103
0 0.348601 0.689659 0.017900 0.016362
0 0.317276 0.655048 0.035800 0.025172
0 0.261339 0.974098 0.040275 0.031465
0 0.108631 0.998062 0.034681 0.003877
0 0.600317 0.979183 0.046987 0.041634
0 0.575705 0.918721 0.040275 0.039016
0 0.601995 0.940746 0.025731 0.030206
0 0.629405 0.943263 0.020137 0.045309
0 0.468865 0.974728 0.039156 0.025172
1 0.187502 0.963400 0.024612 0.020137
0 0.038710 0.989881 0.015662 0.020238
1 0.354754 0.905506 0.023494 0.030206
1 0.648982 0.989881 0.015662 0.020238
1 0.646745 0.949556 0.017900 0.050343
0 0.779875 0.972840 0.022375 0.041533
0 0.674154 0.920609 0.027968 0.035240
0 0.987268 0.933194 0.025464 0.052860
0 0.842524 0.904247 0.053699 0.032723
1 0.790503 0.823068 0.041393 0.044050
1 0.749669 0.824327 0.044750 0.051602
1 0.706598 0.828103 0.039156 0.054119
1 0.665204 0.838801 0.043631 0.042792
1 0.626608 0.843835 0.029087 0.045309
1 0.599199 0.848240 0.032443 0.054119
1 0.576264 0.835025 0.015662 0.017620
1 0.547177 0.852016 0.038037 0.039016
1 0.502987 0.854533 0.039156 0.036499
1 0.453203 0.860197 0.058174 0.040275
0 0.551445 0.656575 0.027737 0.040566
0 0.577333 0.655015 0.027737 0.031205