1 0.002091 0.059046 0.004182 0.118092
0 0.083613 0.048870 0.031325 0.042792
1 0.063622 0.045202 0.127244 0.090404
0 0.241355 0.016884 0.040275 0.033767
0 0.142906 0.040060 0.031325 0.047826
0 0.210030 0.065861 0.031325 0.049085
0 0.168078 0.084740 0.030206 0.054119
0 0.067950 0.140747 0.055937 0.050343
0 0.060119 0.228848 0.053699 0.030206
0 0.213386 0.213745 0.042512 0.047826
0 0.250305 0.155850 0.040275 0.055378
0 0.301207 0.075301 0.039156 0.045309
0 0.381197 0.189202 0.035800 0.056636
0 0.437134 0.144523 0.029087 0.030206
0 0.329176 0.222555 0.052581 0.042792
0 0.278273 0.262200 0.055937 0.046568
1 0.005447 0.308138 0.010895 0.020137
1 0.047813 0.303104 0.051462 0.020137
1 0.112700 0.294294 0.053699 0.022654
1 0.176468 0.291777 0.053699 0.025172
1 0.238558 0.282337 0.052581 0.026430
1 0.305123 0.279820 0.053699 0.023913
1 0.364976 0.272269 0.052581 0.018879
1 0.426506 0.265976 0.045868 0.018879
1 0.020550 0.360369 0.041101 0.051602
1 0.081375 0.454763 0.087262 0.185012
1 0.171993 0.612715 0.134249 0.161098