0 0.403979 0.001494 0.027968 0.002989
1 0.708276 0.002753 0.007831 0.005506
1 0.113666 0.093607 0.062649 0.080549
1 0.197012 0.215689 0.030206 0.037757
1 0.715547 0.040746 0.017900 0.057895
1 0.717226 0.109968 0.016781 0.062929
1 0.720022 0.179190 0.017900 0.060412
1 0.725057 0.247783 0.014544 0.056636
1 0.728972 0.315117 0.013425 0.060412
1 0.734007 0.384549 0.014544 0.053280
0 0.146668 0.235197 0.030206 0.041533
0 0.184706 0.306936 0.061531 0.056636
0 0.301054 0.240861 0.057056 0.047826
0 0.335735 0.298126 0.048106 0.059153
0 0.435863 0.171010 0.035800 0.051602
0 0.566196 0.120037 0.039156 0.052860
0 0.551093 0.161570 0.029087 0.040275
0 0.570671 0.174156 0.034681 0.037757
0 0.670238 0.258481 0.041393 0.047826
0 0.195893 0.165975 0.036918 0.044050
1 0.180790 0.084797 0.020137 0.025172
1 0.584655 0.029419 0.022375 0.022654
1 0.494037 0.279248 0.022375 0.028947
0 0.099681 0.482509 0.039156 0.057895
0 0.272527 0.482509 0.046987 0.052860
0 0.124853 0.606479 0.044750 0.033982
0 0.279239 0.608367 0.033562 0.032723
0 0.270849 0.643607 0.030206 0.025172
0 0.365941 0.676330 0.043631 0.042792
0 0.660170 0.640461 0.036918 0.036499
1 0.695410 0.621582 0.033562 0.036499
1 0.388876 0.324557 0.017900 0.021396
1 0.424675 0.343435 0.017900 0.018879
1 0.737922 0.454190 0.017900 0.056636
1 0.742957 0.523412 0.019019 0.059153
1 0.127650 0.630392 0.052581 0.016362
1 0.186943 0.621582 0.054818 0.016362
1 0.240643 0.615918 0.036918 0.015103
1 0.317276 0.608367 0.040275 0.017620
1 0.372094 0.602074 0.053699 0.017620
1 0.431947 0.597039 0.054818 0.017620
1 0.496275 0.588859 0.053699 0.016362
1 0.560602 0.581936 0.052581 0.017620
1 0.623251 0.575014 0.052581 0.016362
1 0.681985 0.569351 0.055937 0.015103
0 0.094647 0.653676 0.029087 0.042792
1 0.747432 0.563058 0.057056 0.017620
1 0.747991 0.592634 0.026850 0.059153
1 0.748550 0.664374 0.021256 0.064188
0 0.134922 0.745552 0.038037 0.047826
0 0.224980 0.834282 0.043631 0.059153
0 0.141075 0.848756 0.034681 0.040275
0 0.280358 0.919236 0.044750 0.035240
0 0.455441 0.890289 0.050343 0.052860
0 0.375451 0.995488 0.062649 0.009024
0 0.619895 0.771353 0.045868 0.039016
0 0.652898 0.945037 0.044750 0.039016
0 0.156737 0.969580 0.032443 0.035240
1 0.582977 0.802818 0.034681 0.069222
1 0.613742 0.801559 0.024612 0.049085
1 0.649542 0.794008 0.033562 0.059153
1 0.689816 0.779534 0.040275 0.083066
1 0.729532 0.773870 0.039156 0.079291
1 0.772044 0.770094 0.045868 0.076773
1 0.818471 0.780163 0.058174 0.074256
1 0.882240 0.760026 0.042512 0.094394
1 0.929227 0.766948 0.051462 0.078032
1 0.467187 0.960877 0.076074 0.078246
1 0.567874 0.954584 0.114111 0.090832
1 0.694291 0.950808 0.132011 0.098384
1 0.777078 0.942627 0.060412 0.114745
1 0.845881 0.943257 0.074956 0.113487
1 0.941679 0.939481 0.116642 0.121038
0 0.769806 0.888401 0.050343 0.044050
0 0.904055 0.889030 0.032443 0.050343
1 0.998735 0.929412 0.002530 0.141176
0 0.735685 0.833024 0.050343 0.023913
0 0.802250 0.605220 0.042512 0.051602
0 0.937617 0.670667 0.062649 0.056636
1 0.981674 0.535998 0.036652 0.016362
1 0.930905 0.542920 0.055937 0.020137
1 0.868815 0.550472 0.050343 0.015103
1 0.806725 0.556765 0.053699 0.020137
0 0.783231 0.440346 0.029087 0.064188
0 0.811759 0.439717 0.034681 0.035240
1 0.786028 0.296868 0.032443 0.033982
0 0.988387 0.056479 0.023227 0.049085
0 0.888952 0.000236 0.045868 0.000472