0 0.011498 0.174944 0.022995 0.059353
0 0.079711 0.145267 0.065948 0.047483
0 0.277556 0.387133 0.044845 0.056386
0 0.338228 0.393068 0.044845 0.068256
0 0.110047 0.350037 0.063310 0.023741
0 0.475400 0.363391 0.050121 0.050450
0 0.529478 0.353004 0.058034 0.071224
0 0.582236 0.344101 0.058034 0.077159
0 0.760297 0.111139 0.071224 0.062321
0 0.687753 0.020699 0.036931 0.041399
0 0.985006 0.045850 0.029988 0.050450
0 0.459573 0.195718 0.039569 0.053418
0 0.197099 0.023667 0.042207 0.047334
0 0.914615 0.195718 0.079138 0.065289
0 0.982368 0.252104 0.035264 0.059353
0 0.880322 0.305522 0.058034 0.059353
0 0.934400 0.333714 0.060672 0.068256
0 0.990282 0.296619 0.019436 0.053418
0 0.014136 0.535516 0.028271 0.044515
0 0.014136 0.575580 0.028271 0.023741
0 0.088944 0.563709 0.052759 0.035612
0 0.172038 0.525129 0.065948 0.065289
0 0.240625 0.584483 0.044845 0.053418
0 0.297340 0.504355 0.052759 0.071224
0 0.371202 0.710609 0.052759 0.026709
0 0.321081 0.578547 0.052759 0.053418
0 0.679840 0.436099 0.036931 0.059353
0 0.277556 0.584483 0.023741 0.041547
0 0.693029 0.516226 0.058034 0.047483
0 0.665331 0.369327 0.044845 0.038580
0 0.795909 0.424228 0.042207 0.041547
0 0.795909 0.532548 0.063310 0.056386
0 0.992920 0.476163 0.014161 0.056386
0 0.985006 0.691319 0.029988 0.029677
0 0.674564 0.572612 0.047483 0.053418