0 0.015342 0.014659 0.030684 0.029319
0 0.104546 0.026530 0.047483 0.053060
0 0.050469 0.198476 0.055397 0.077159
0 0.159943 0.159896 0.068586 0.083095
0 0.421098 0.072350 0.063310 0.056386
0 0.518701 0.096091 0.047483 0.068256
0 0.359106 0.271184 0.065948 0.062321
0 0.035960 0.394342 0.047483 0.071224
0 0.003471 0.708915 0.006943 0.071224
0 0.041236 0.886975 0.058034 0.071224
0 0.276012 0.391374 0.058034 0.089030
0 0.174451 0.560532 0.065948 0.083095
0 0.356468 0.514533 0.060672 0.086062
0 0.283925 0.682206 0.058034 0.065289
0 0.514744 0.569435 0.060672 0.047483
0 0.645322 0.605047 0.068586 0.094965
0 0.659830 0.680722 0.065948 0.056386
0 0.760072 0.710399 0.065948 0.074192
0 0.752158 0.556080 0.034293 0.056386
0 0.454072 0.364665 0.055397 0.059353
0 0.392402 0.911786 0.089953 0.091404