0 0.002152 0.024941 0.004305 0.049883
0 0.112460 0.010103 0.047483 0.020206
0 0.062339 0.493549 0.068586 0.044515
0 0.145434 0.736898 0.060672 0.074192
0 0.216658 0.597418 0.065948 0.074192
0 0.335365 0.698319 0.055397 0.080127
0 0.674339 0.990866 0.052759 0.018269
0 0.795684 0.765091 0.042207 0.059353
0 0.771604 0.683787 0.039242 0.056410
0 0.817387 0.672750 0.043602 0.058863
0 0.553594 0.547667 0.078484 0.073579
0 0.380275 0.557477 0.041422 0.068673
0 0.377005 0.443430 0.061043 0.066221
0 0.603736 0.445883 0.061043 0.076031
0 0.598286 0.339194 0.032702 0.063768
0 0.682220 0.265615 0.052323 0.049052
0 0.741083 0.369852 0.056683 0.056410
0 0.657149 0.431167 0.045782 0.051505
0 0.731272 0.476541 0.058863 0.049052
0 0.877339 0.436072 0.076304 0.071126