0 0.110047 0.029445 0.058034 0.058891
0 0.232711 0.020542 0.071224 0.041085
0 0.586193 0.002736 0.050121 0.005473
0 0.024687 0.147921 0.049375 0.041547
0 0.110047 0.104889 0.058034 0.056386
0 0.272280 0.103406 0.060672 0.059353
0 0.280193 0.173146 0.076500 0.068256
0 0.476719 0.176114 0.073862 0.062321
0 0.608616 0.161275 0.063310 0.050450
0 0.786676 0.228048 0.060672 0.071224
0 0.877684 0.217661 0.063310 0.086062
0 0.969178 0.193920 0.061643 0.062321
0 0.990282 0.480300 0.019436 0.041547
0 0.996877 0.646489 0.006247 0.065289
0 0.765572 0.625716 0.071224 0.059353
0 0.679840 0.459526 0.079138 0.059353
0 0.842072 0.410559 0.050121 0.050450
0 0.361969 0.361593 0.044845 0.053418
0 0.259090 0.465461 0.071224 0.071224
0 0.104771 0.324497 0.068586 0.044515
0 0.121918 0.401656 0.060672 0.068256
0 0.049375 0.429849 0.058034 0.059353
0 0.128513 0.600490 0.073862 0.068256
0 0.069159 0.679134 0.050121 0.059353
0 0.104771 0.760745 0.058034 0.068256
0 0.215564 0.777067 0.079138 0.077159
0 0.404176 0.937321 0.055397 0.065289
0 0.559814 0.894290 0.060672 0.050450
0 0.463530 0.986466 0.052759 0.027067
0 0.975773 0.839388 0.048454 0.059353
0 0.762934 0.729584 0.055397 0.077159
0 0.996877 0.976080 0.006247 0.047841
0 0.696986 0.940289 0.060672 0.059353