0 0.432443 0.007170 0.040949 0.014339
0 0.579859 0.013619 0.040949 0.027238
0 0.429986 0.113844 0.022931 0.058966
0 0.239985 0.150698 0.042587 0.051595
0 0.213778 0.246518 0.052414 0.058966
0 0.317787 0.346945 0.034397 0.053438
0 0.066362 0.032766 0.049138 0.029483
0 0.507789 0.038294 0.027845 0.051595
0 0.056535 0.949504 0.049138 0.057123
0 0.076190 0.780898 0.045862 0.055281
0 0.148260 0.830651 0.039311 0.044225
0 0.174467 0.910808 0.026207 0.042382
0 0.434081 0.539506 0.044225 0.058966
0 0.520893 0.857370 0.037673 0.046067
0 0.433262 0.756022 0.032759 0.057123
0 0.443909 0.793797 0.031121 0.044225