0 0.282605 0.211848 0.047500 0.053438
0 0.192518 0.200792 0.027845 0.031326
0 0.154026 0.298454 0.026207 0.053438
0 0.380882 0.181444 0.067156 0.062651
0 0.490624 0.169466 0.050776 0.053438
0 0.555323 0.133534 0.036035 0.047910
0 0.642953 0.082860 0.044225 0.031326
0 0.655238 0.063511 0.032759 0.033168
0 0.688816 0.046006 0.027845 0.042382
0 0.792825 0.061669 0.032759 0.029483
0 0.877180 0.087466 0.040949 0.029483
0 0.678169 0.128006 0.052414 0.044225
0 0.596272 0.129848 0.042587 0.066337
0 0.607737 0.175915 0.042587 0.051595
0 0.573341 0.195264 0.039311 0.038696
0 0.650324 0.241331 0.042587 0.031326
0 0.411184 0.274499 0.042587 0.049753
0 0.534849 0.367555 0.040949 0.044225
0 0.641315 0.319645 0.037673 0.051595
0 0.735497 0.334387 0.036035 0.051595
0 0.125362 0.432049 0.031121 0.047910
0 0.398899 0.460611 0.050776 0.057123
0 0.320278 0.627374 0.050776 0.051595
0 0.486529 0.567487 0.045862 0.046067
0 0.509461 0.615397 0.045862 0.031326
0 0.654419 0.543532 0.040949 0.053438
0 0.574979 0.630138 0.045862 0.042382
0 0.641315 0.741621 0.040949 0.051595
0 0.697006 0.570251 0.037673 0.033168
0 0.873085 0.498386 0.032759 0.051595
0 0.800196 0.435735 0.040949 0.044225
0 0.706833 0.409937 0.129398 0.199010
0 0.278510 0.714902 0.042587 0.031326
0 0.251484 0.782160 0.050776 0.033168
0 0.277691 0.804273 0.040949 0.051595
0 0.259674 0.856789 0.044225 0.027640
0 0.701919 0.792295 0.047500 0.049753
0 0.909120 0.698318 0.052414 0.060809
0 0.923042 0.780318 0.044225 0.047910
0 0.992233 0.859553 0.015535 0.044225
0 0.580711 0.962744 0.054052 0.047910
0 0.827222 0.979529 0.052414 0.040941