0 0.061153 0.150976 0.036918 0.048455
0 0.190368 0.164821 0.054147 0.059531
0 0.012733 0.136314 0.025466 0.038764
0 0.445105 0.192048 0.049225 0.055839
0 0.289432 0.205200 0.045533 0.040610
0 0.572473 0.103213 0.040610 0.060915
0 0.053322 0.006423 0.031996 0.012847
0 0.661077 0.071371 0.055378 0.047071
0 0.613699 0.018380 0.046763 0.036760
0 0.677075 0.010073 0.035688 0.020147
0 0.658001 0.155822 0.049225 0.060915
0 0.769987 0.019764 0.051686 0.039529
0 0.941657 0.019764 0.043071 0.039529
0 0.976730 0.049220 0.039380 0.030458
0 0.973038 0.189048 0.031996 0.047071
0 0.733684 0.193202 0.038149 0.060915
0 0.840132 0.333722 0.034457 0.065069
0 0.951502 0.285267 0.047994 0.048455
0 0.784139 0.403637 0.035688 0.066453
0 0.713378 0.431325 0.051686 0.060915
0 0.755835 0.524083 0.057839 0.069222
0 0.695534 0.491549 0.055378 0.040149
0 0.801983 0.187664 0.034457 0.038764
1 0.926890 0.329569 0.025843 0.020767
1 0.826595 0.413328 0.022151 0.030458
0 0.696150 0.369026 0.041841 0.047071
0 0.640157 0.429941 0.045533 0.030458
0 0.589086 0.438248 0.046763 0.041533
0 0.499252 0.441709 0.054147 0.048455
0 0.490637 0.317801 0.031996 0.060915
0 0.557090 0.551772 0.044302 0.047071
0 0.444489 0.607149 0.038149 0.041533
0 0.339272 0.585690 0.039380 0.040149
0 0.291278 0.706137 0.056608 0.056762
0 0.182984 0.675679 0.036918 0.034611
0 0.090688 0.666680 0.054147 0.052609
0 0.017655 0.599535 0.035310 0.053993
0 0.078382 0.609918 0.034457 0.047071
0 0.110378 0.315725 0.049225 0.065069
0 0.061769 0.368333 0.033227 0.048455
0 0.013348 0.299804 0.026696 0.041533
0 0.023620 0.702676 0.043071 0.038764
0 0.236516 0.623763 0.033227 0.035995
1 0.154065 0.476320 0.047994 0.040149
0 0.251283 0.427864 0.043071 0.051224
0 0.206981 0.354489 0.038149 0.040149
1 0.299277 0.388408 0.033227 0.030458
1 0.362542 0.360593 0.039380 0.044302
1 0.520172 0.530313 0.019690 0.042918
1 0.563859 0.256194 0.020920 0.031842
1 0.624159 0.358642 0.020920 0.026304
0 0.416185 0.664603 0.035688 0.053993
0 0.621082 0.628608 0.046763 0.048455
0 0.618006 0.703368 0.035688 0.034611
0 0.522633 0.778820 0.036918 0.049840
0 0.354655 0.791280 0.043071 0.060915
0 0.302354 0.877115 0.041841 0.058146
0 0.442643 0.938030 0.034457 0.066453
0 0.260513 0.995320 0.054147 0.009361
0 0.195290 0.989782 0.041841 0.020436
0 0.122069 0.936646 0.038149 0.052609
0 0.516480 0.908957 0.034457 0.052609
0 0.557706 0.919340 0.025843 0.042918
1 0.020732 0.968488 0.041464 0.049840
1 0.085766 0.915187 0.024612 0.056762
0 0.233439 0.816892 0.039380 0.045687
0 0.122684 0.972641 0.041841 0.024920
0 0.380497 0.745593 0.035688 0.041533
0 0.855514 0.652144 0.050455 0.053993
0 0.799521 0.679832 0.054147 0.040149
0 0.791522 0.722750 0.047994 0.031842
0 0.894279 0.974718 0.036918 0.048455
0 0.941042 0.994627 0.036918 0.010745
1 0.915814 0.713751 0.023382 0.033227
1 0.827210 0.917956 0.038149 0.037380