0 0.107301 0.225478 0.030765 0.030458
0 0.037156 0.345924 0.030765 0.044302
0 0.200828 0.242091 0.043071 0.041533
0 0.197751 0.272549 0.031996 0.024920
0 0.085766 0.419992 0.034457 0.042918
0 0.066691 0.563974 0.035688 0.051224
0 0.053770 0.628350 0.036918 0.044302
0 0.323889 0.344540 0.035688 0.041533
0 0.443874 0.309237 0.036918 0.034611
0 0.472793 0.363230 0.035688 0.037380
0 0.472793 0.482984 0.052916 0.033227
0 0.485100 0.511365 0.038149 0.045687
0 0.544169 0.542515 0.057839 0.044302
0 0.530017 0.455987 0.039380 0.048455
0 0.570012 0.470524 0.030765 0.044302
0 0.613083 0.310621 0.030765 0.031842
0 0.358962 0.300238 0.036918 0.030458
0 0.490637 0.215095 0.036918 0.023535
1 0.143604 0.198712 0.029535 0.025843
1 0.148527 0.507212 0.044302 0.065069
1 0.239592 0.460833 0.036918 0.024920
1 0.303584 0.420684 0.029535 0.033227
1 0.270973 0.483676 0.084912 0.081682
1 0.386651 0.469832 0.045533 0.037380
1 0.570012 0.398533 0.035688 0.033227
1 0.500482 0.446296 0.029535 0.037380
0 0.158987 0.664912 0.028304 0.029073
0 0.316506 0.656731 0.030765 0.029073
0 0.486330 0.652578 0.040610 0.029073
0 0.273434 0.312006 0.028304 0.020767
0 0.113454 0.280164 0.023382 0.026304
1 0.147296 0.283625 0.017229 0.024920
0 0.531248 0.369460 0.036918 0.030458
0 0.618621 0.383304 0.029535 0.035995
1 0.230363 0.572973 0.023382 0.038764
1 0.020543 0.564666 0.024612 0.027689
1 0.560167 0.256628 0.045533 0.084451
1 0.633389 0.244860 0.034457 0.094142
1 0.678306 0.207480 0.111986 0.058146
0 0.706610 0.277395 0.033227 0.045687
0 0.691843 0.316159 0.038149 0.034611
0 0.697380 0.369460 0.036918 0.041533
0 0.654309 0.590970 0.049225 0.038764
0 0.763834 0.471908 0.046763 0.035995
0 0.765064 0.427606 0.044302 0.030458
0 0.799521 0.415146 0.034457 0.041533
0 0.837670 0.407532 0.041841 0.037380
0 0.712763 0.412378 0.025843 0.030458
0 0.930582 0.376382 0.035688 0.041533
0 0.973038 0.380535 0.027073 0.044302
0 0.958270 0.298853 0.046763 0.047071
1 0.991441 0.377767 0.017117 0.030458
0 0.992672 0.240707 0.014656 0.035995
0 0.907815 0.164563 0.039380 0.027689
0 0.970577 0.175638 0.031996 0.027689
0 0.856745 0.513442 0.030765 0.044302
0 0.947195 0.498213 0.039380 0.024920
0 0.894894 0.455295 0.023382 0.022151
0 0.141759 0.793099 0.045533 0.060915
0 0.124530 0.893470 0.035688 0.062300
0 0.218057 0.786176 0.028304 0.063684
0 0.246976 0.792406 0.034457 0.067838
0 0.329427 0.764718 0.051686 0.051224
0 0.379267 0.831863 0.038149 0.041533
0 0.455565 0.865782 0.035688 0.048455
0 0.423569 0.830478 0.028304 0.052609
0 0.442643 0.808327 0.027073 0.041533
0 0.447566 0.776485 0.041841 0.027689
0 0.571858 0.730107 0.039380 0.042918
0 0.523864 0.795175 0.039380 0.037380
0 0.033465 0.795867 0.038149 0.033227
1 0.006580 0.742566 0.013159 0.037380
0 0.053322 0.988426 0.031996 0.023149
1 0.061769 0.841554 0.030765 0.027689
1 0.451873 0.686497 0.025843 0.030458
0 0.613699 0.990691 0.046763 0.018618
0 0.677075 0.982385 0.035688 0.035231
0 0.769987 0.996229 0.051686 0.007542
0 0.941657 0.991383 0.043071 0.017233
0 0.991274 0.892967 0.017453 0.037380
0 0.865359 0.952309 0.030765 0.030458
0 0.758016 0.838911 0.041841 0.022151
0 0.699226 0.653270 0.030765 0.041533