0 0.001286 0.053631 0.002573 0.048455
1 0.053028 0.032865 0.039380 0.029073
0 0.102867 0.098625 0.035688 0.035995
0 0.120726 0.150262 0.062649 0.049085
0 0.195681 0.155926 0.042512 0.055378
0 0.225887 0.210674 0.046987 0.041533
0 0.191766 0.269828 0.050343 0.056636
0 0.148135 0.352894 0.052581 0.071739
0 0.106182 0.372402 0.038037 0.070481
0 0.035142 0.456727 0.050343 0.057895
0 0.199597 0.416452 0.039156 0.052860
0 0.215819 0.463649 0.046987 0.031465
1 0.006663 0.210045 0.013327 0.042792
1 0.053042 0.260388 0.068243 0.052860
1 0.017802 0.247173 0.024612 0.033982
0 0.122404 0.461761 0.036918 0.037757
0 0.241550 0.502036 0.031325 0.027689
0 0.256093 0.389393 0.046987 0.054119
0 0.296368 0.453581 0.029087 0.028947
0 0.315946 0.476235 0.016781 0.041533
0 0.278468 0.582585 0.046987 0.042792
0 0.224769 0.619084 0.042512 0.042792
0 0.308674 0.653066 0.040275 0.045309
0 0.291893 0.714736 0.042512 0.057895
0 0.230922 0.671315 0.045868 0.046568
0 0.144219 0.692082 0.060412 0.045309
0 0.127998 0.737391 0.043631 0.045309
0 0.087723 0.789622 0.070481 0.061671
0 0.178900 0.868913 0.051462 0.046568
0 0.237634 0.845629 0.039156 0.047826
0 0.293571 0.853180 0.039156 0.047826
0 0.254415 0.892826 0.045868 0.056636
0 0.179460 0.924919 0.048106 0.040275
0 0.099470 0.584473 0.058174 0.049085
0 0.109539 0.628523 0.040275 0.033982
0 0.006104 0.765709 0.012208 0.049085
0 0.046889 0.852551 0.035800 0.054119
1 0.281824 0.811647 0.031325 0.030206
0 0.378830 0.910251 0.024366 0.065484