0 0.081333 0.020990 0.033842 0.041980
0 0.232268 0.096043 0.056854 0.059392
0 0.468484 0.044265 0.058208 0.050255
0 0.358160 0.080052 0.032488 0.051778
0 0.361544 0.163811 0.050086 0.060915
0 0.207225 0.172187 0.041964 0.056347
0 0.172029 0.179040 0.036549 0.042641
0 0.116529 0.154674 0.050086 0.042641
0 0.113144 0.231579 0.035196 0.044164
0 0.017993 0.192746 0.035985 0.057870
0 0.574071 0.113556 0.044671 0.045687
0 0.741250 0.123454 0.040610 0.053301
0 0.654614 0.255945 0.040610 0.068530
0 0.703347 0.239194 0.035196 0.059392
0 0.121267 0.008046 0.029781 0.016091
0 0.045461 0.025990 0.035196 0.025889
0 0.068473 0.084621 0.032488 0.036549
1 0.095547 0.102134 0.021659 0.022843
1 0.138187 0.093758 0.039257 0.054824
0 0.211963 0.237671 0.054147 0.050255
0 0.345977 0.276504 0.040610 0.048732
0 0.553061 0.257701 0.041964 0.036549
0 0.611297 0.150105 0.016244 0.039595
1 0.708291 0.137658 0.027073 0.039595
0 0.158493 0.308485 0.050086 0.042641
0 0.180828 0.279550 0.029781 0.033503
1 0.220085 0.327521 0.027073 0.031981
1 0.328379 0.661794 0.140782 0.158380
1 0.056290 0.319145 0.027073 0.033503
0 0.573394 0.475241 0.040610 0.068530
0 0.665444 0.443260 0.046025 0.053301
0 0.745987 0.284880 0.039257 0.044164
0 0.802842 0.272697 0.033842 0.053301
0 0.807580 0.181324 0.056854 0.038072
0 0.861050 0.150105 0.044671 0.076144
0 0.980272 0.080052 0.039455 0.070053
0 0.896245 0.309246 0.052793 0.044164
0 0.836891 0.044793 0.046025 0.044164
0 0.864434 0.271936 0.013537 0.033503
1 0.886093 0.631336 0.040610 0.033503
1 0.742603 0.910785 0.200344 0.108125
0 0.589759 0.093625 0.039156 0.045309