0 0.001931 0.080052 0.003862 0.070053
0 0.048534 0.074722 0.035196 0.059392
0 0.089144 0.128023 0.035196 0.062438
0 0.159535 0.067869 0.051440 0.048732
0 0.196761 0.191223 0.047379 0.070053
0 0.209621 0.113556 0.043318 0.057870
0 0.231280 0.140968 0.032488 0.045687
0 0.332805 0.118124 0.040610 0.054824
0 0.284750 0.243762 0.028427 0.059392
0 0.254292 0.193507 0.037903 0.053301
1 0.319945 0.160765 0.055501 0.033503
1 0.297610 0.206452 0.029781 0.030458
1 0.330098 0.196553 0.029781 0.022843
1 0.070192 0.239955 0.035196 0.042641
1 0.096589 0.400619 0.041964 0.038072
1 0.056656 0.024467 0.024366 0.028935
1 0.367324 0.718141 0.047379 0.063961
1 0.266475 0.686922 0.046025 0.065484
1 0.179840 0.466865 0.040610 0.070053
1 0.079668 0.632098 0.151612 0.162949