0 0.164398 0.001767 0.045533 0.003533
0 0.290536 0.035376 0.024612 0.041533
0 0.238235 0.115673 0.045533 0.035995
0 0.171782 0.136440 0.045533 0.030458
0 0.036750 0.062309 0.035688 0.041533
0 0.274538 0.162052 0.056608 0.076144
0 0.117635 0.174512 0.055378 0.045687
0 0.035184 0.543465 0.047994 0.058146
0 0.150246 0.405713 0.034457 0.042918
0 0.207470 0.382178 0.028304 0.042918
0 0.293613 0.479781 0.043071 0.063684
0 0.227775 0.517161 0.039380 0.049840
0 0.225314 0.459014 0.027073 0.049840
0 0.136709 0.594689 0.049225 0.066453
0 0.158245 0.531697 0.035688 0.053993
0 0.284383 0.559386 0.061531 0.042918
0 0.258540 0.609226 0.049225 0.051224
0 0.186549 0.426480 0.030765 0.040149
0 0.100406 0.237504 0.050455 0.058146
0 0.121327 0.498471 0.033227 0.040149
1 0.197009 0.313648 0.039380 0.047071
0 0.211777 0.429249 0.019690 0.029073
1 0.303457 0.344798 0.015998 0.020767
0 0.052412 0.249272 0.040610 0.031842
0 0.062873 0.682601 0.039380 0.067838
0 0.067795 0.868116 0.044302 0.065069
0 0.214238 0.880576 0.041841 0.042918
0 0.215469 0.939415 0.036918 0.041533
0 0.026681 0.709912 0.030765 0.045687
0 0.179166 0.929724 0.033227 0.052609