0 0.558321 0.053631 0.044302 0.053993
0 0.487561 0.040479 0.030765 0.060915
0 0.582933 0.156772 0.046763 0.041533
0 0.352809 0.142928 0.051686 0.060915
0 0.260513 0.021624 0.054147 0.043248
0 0.195290 0.016086 0.041841 0.032172
0 0.647541 0.037018 0.043071 0.045687
0 0.458026 0.098625 0.043071 0.044302
1 0.028542 0.109701 0.033227 0.038764
1 0.134990 0.025942 0.022151 0.031842
0 0.034080 0.042556 0.039380 0.023535
0 0.983442 0.053631 0.033115 0.048455
0 0.941042 0.018163 0.036918 0.036326
0 0.876435 0.091011 0.050455 0.045687
0 0.780447 0.065399 0.055378 0.047071
0 0.810276 0.405125 0.061531 0.050343
0 0.743151 0.296887 0.048106 0.052860
0 0.738117 0.219484 0.042512 0.051602
0 0.869010 0.308214 0.020137 0.042792
1 0.947881 0.172917 0.045868 0.061671
1 0.987645 0.210045 0.024710 0.042792
1 0.950678 0.223889 0.031325 0.050343
1 0.987596 0.257242 0.017900 0.028947
1 0.985358 0.235846 0.022375 0.016362
1 0.824260 0.274862 0.033562 0.044050
0 0.870688 0.373031 0.034681 0.051602
0 0.774476 0.354782 0.030206 0.032723
0 0.698961 0.447917 0.046987 0.045309
0 0.931659 0.744313 0.042512 0.041533
0 0.966340 0.586990 0.044750 0.049085
0 0.741473 0.571887 0.038037 0.051602
0 0.684418 0.587620 0.035800 0.060412
0 0.867891 0.609645 0.040275 0.033982
0 0.739236 0.814164 0.046987 0.040275
0 0.987086 0.765709 0.025829 0.049085
0 0.896978 0.748718 0.031325 0.052860
0 0.033278 0.433588 0.040610 0.062438
0 0.370343 0.426735 0.056854 0.060915
0 0.565272 0.298813 0.043318 0.054824
0 0.526015 0.353637 0.056854 0.067007
0 0.579485 0.413791 0.041964 0.038072
0 0.565949 0.493742 0.039257 0.045687
0 0.542936 0.613288 0.039257 0.047209
0 0.610620 0.613288 0.036549 0.050255
0 0.511125 0.706946 0.032488 0.045687
0 0.655968 0.315565 0.046025 0.036549
0 0.239036 0.245512 0.013537 0.024366
0 0.352745 0.646030 0.051440 0.063961
0 0.359513 0.727505 0.048732 0.059392
0 0.272201 0.685625 0.036549 0.033503
0 0.231591 0.694001 0.044671 0.047209
0 0.118559 0.661259 0.043318 0.039595
0 0.117882 0.711514 0.052793 0.042641
0 0.129389 0.775475 0.051440 0.057870
0 0.066443 0.855427 0.058208 0.041118
0 0.055613 0.961267 0.041964 0.051778
0 0.081333 0.996624 0.033842 0.006752
0 0.382526 0.974212 0.059562 0.047209
0 0.508417 0.940708 0.054147 0.056347
0 0.248719 0.806726 0.044671 0.042641
0 0.006486 0.851620 0.012973 0.039595
0 0.121267 0.995101 0.029781 0.009798