0 0.052412 0.275318 0.047994 0.038764
0 0.046875 0.336233 0.036918 0.038764
1 0.008055 0.377767 0.016109 0.030458
1 0.048105 0.369460 0.029535 0.027689
1 0.074563 0.339002 0.025843 0.038764
1 0.131787 0.440066 0.034457 0.035995
0 0.176089 0.498213 0.044302 0.041533
0 0.113943 0.524517 0.040610 0.027689
0 0.243773 0.563974 0.049225 0.059531
0 0.101022 0.244860 0.036918 0.038764
0 0.008055 0.240707 0.016109 0.035995
0 0.169321 0.258705 0.033227 0.033227
0 0.176704 0.213018 0.033227 0.027689
0 0.037645 0.617967 0.025843 0.023535
1 0.156399 0.558436 0.024612 0.026304
1 0.025954 0.453219 0.027073 0.037380
0 0.208197 0.399666 0.041841 0.052609
0 0.101637 0.392303 0.060300 0.040149
1 0.253002 0.327927 0.015998 0.024920
1 0.236389 0.263550 0.024612 0.029073
1 0.233928 0.179792 0.024612 0.027689
0 0.164398 0.981000 0.045533 0.038000
0 0.072102 0.758488 0.047994 0.052609
0 0.062257 0.667807 0.040610 0.045687
0 0.265924 0.669191 0.022151 0.037380
0 0.286844 0.928774 0.019690 0.044302
0 0.008502 0.892967 0.017004 0.037380
0 0.031492 0.905930 0.018459 0.034611