0 0.805578 0.652598 0.043318 0.041118
0 0.796779 0.620618 0.023012 0.022843
0 0.421134 0.998004 0.054147 0.003991
0 0.007516 0.796511 0.015032 0.033503
0 0.249218 0.812501 0.051440 0.047209
0 0.338560 0.796511 0.040610 0.063961
0 0.337883 0.645745 0.036549 0.054824
0 0.339914 0.610719 0.037903 0.039595
0 0.327731 0.574931 0.032488 0.038072
0 0.415720 0.683056 0.059562 0.062438
0 0.556502 0.699808 0.032488 0.047209
0 0.609295 0.655644 0.040610 0.041118
0 0.138216 0.192687 0.043318 0.059392
0 0.324346 0.274162 0.033842 0.060915
0 0.608618 0.399800 0.036549 0.035026
0 0.663442 0.016012 0.037903 0.032023