0 0.215615 0.026754 0.035688 0.041533
0 0.128241 0.080747 0.057839 0.049840
0 0.000436 0.257955 0.000873 0.038764
0 0.152238 0.233727 0.039380 0.051224
0 0.139317 0.196348 0.023382 0.026304
0 0.109167 0.149969 0.034457 0.030458
0 0.138086 0.451777 0.038149 0.038764
0 0.229767 0.344483 0.019690 0.031842
0 0.190387 0.516845 0.044302 0.035995
0 0.262993 0.579145 0.046763 0.035995
0 0.122703 0.649752 0.041841 0.041533
0 0.190387 0.650444 0.039380 0.040149
0 0.181773 0.712744 0.027073 0.040149
0 0.269146 0.738356 0.024612 0.055378
0 0.346675 0.762583 0.036918 0.037380
0 0.342983 0.728665 0.034457 0.024920
0 0.237150 0.804809 0.036918 0.030458
0 0.327600 0.818653 0.023382 0.038764
0 0.298066 0.837343 0.028304 0.040149
0 0.012742 0.854649 0.025485 0.024920
0 0.041483 0.834574 0.031996 0.020767
0 0.034099 0.874031 0.046763 0.041533
0 0.099937 0.887183 0.038149 0.040149
0 0.088861 0.903104 0.038149 0.022151
0 0.111628 0.921102 0.034457 0.030458
0 0.177466 0.940484 0.038149 0.035995
0 0.010281 0.947406 0.020562 0.027689