0 0.066710 0.335918 0.025843 0.024920
0 0.123319 0.252852 0.030765 0.035995
0 0.168851 0.258389 0.043071 0.024920
0 0.286990 0.253544 0.050455 0.020767
0 0.242688 0.281233 0.030765 0.023535
0 0.106705 0.512434 0.024612 0.034611
0 0.026100 0.504820 0.025843 0.035995
0 0.165775 0.565043 0.044302 0.037380
0 0.208231 0.470209 0.045533 0.038764
0 0.219922 0.412755 0.031996 0.031842
0 0.093169 0.326919 0.027073 0.031842
0 0.118396 0.328996 0.023382 0.038764
0 0.325139 0.363607 0.028304 0.030458
0 0.408206 0.452903 0.034457 0.020767
0 0.354059 0.516588 0.051686 0.029073
0 0.355905 0.567120 0.033227 0.030458
0 0.306065 0.596193 0.024612 0.035995
0 0.328216 0.590655 0.022151 0.024920
0 0.195310 0.749173 0.036918 0.029073
0 0.125780 0.756096 0.040610 0.026304
0 0.082708 0.748481 0.030765 0.044302
0 0.126395 0.802474 0.027073 0.035995
0 0.397130 0.927766 0.041841 0.051224
0 0.003244 0.816054 0.006488 0.043478