0 0.584310 0.224471 0.040610 0.023535
0 0.564620 0.241084 0.033227 0.040149
0 0.542469 0.343533 0.038149 0.029073
0 0.503090 0.381605 0.045533 0.033227
0 0.270504 0.407909 0.023382 0.033227
0 0.247122 0.484053 0.035688 0.022151
0 0.385566 0.452903 0.034457 0.020767
0 0.377567 0.468824 0.025843 0.035995
0 0.488938 0.490283 0.019690 0.034611
0 0.622459 0.418292 0.033227 0.037380
0 0.661839 0.395449 0.030765 0.033227
0 0.735675 0.398218 0.028304 0.041533
0 0.634150 0.471593 0.034457 0.019382
0 0.725215 0.447366 0.014767 0.034611
0 0.668607 0.440443 0.024612 0.023535
0 0.688297 0.452903 0.034457 0.031842
0 0.763980 0.453595 0.038149 0.027689
0 0.809512 0.398910 0.028304 0.048455
0 0.685220 0.500666 0.033227 0.027689
0 0.447097 0.595501 0.034457 0.034611
0 0.491399 0.593424 0.034457 0.024920
0 0.524010 0.675798 0.038149 0.040149
0 0.639688 0.650878 0.043071 0.031842
0 0.678452 0.664030 0.031996 0.027689
0 0.567081 0.632188 0.033227 0.024920
0 0.722754 0.567120 0.039380 0.027689
0 0.787361 0.527663 0.040610 0.031842
0 0.792899 0.587194 0.017229 0.034611
0 0.293270 0.573350 0.022151 0.031842
0 0.271734 0.596193 0.030765 0.035995
0 0.557852 0.562274 0.029535 0.029073
0 0.715370 0.295077 0.034457 0.023535
0 0.716601 0.355992 0.031996 0.017998
0 0.865505 0.316536 0.039380 0.030458
0 0.859967 0.420369 0.047994 0.038764
0 0.912268 0.335226 0.029535 0.034611
0 0.957801 0.353224 0.031996 0.023535
0 0.933189 0.232777 0.022151 0.023535
0 0.930112 0.211318 0.035688 0.035995
0 0.908577 0.562966 0.031996 0.033227
0 0.844585 0.605884 0.036918 0.035995
0 0.975645 0.734637 0.040610 0.033227
0 0.858122 0.737406 0.036918 0.033227
0 0.434175 0.924305 0.043071 0.030458
0 0.480323 0.993302 0.027073 0.013395
0 0.327112 0.813550 0.033227 0.041533
0 0.277887 0.723561 0.033227 0.044302
0 0.309883 0.721485 0.035688 0.029073
0 0.701834 0.776170 0.031996 0.027689
0 0.717216 0.792091 0.040610 0.034611
0 0.688912 0.749866 0.030765 0.022151
0 0.765210 0.748481 0.035688 0.035995
0 0.800283 0.724946 0.031996 0.035995
0 0.844780 0.907015 0.026443 0.035469
0 0.983412 0.816054 0.033176 0.043478