1 0.828113 0.005986 0.011891 0.011972
1 0.828113 0.058795 0.011891 0.066890
1 0.822167 0.130144 0.015855 0.062430
0 0.588301 0.053221 0.047566 0.064660
0 0.644786 0.174737 0.057476 0.057971
0 0.212728 0.214871 0.041620 0.049052
0 0.304888 0.103388 0.039638 0.057971
0 0.437676 0.176966 0.047566 0.053512
0 0.588301 0.219330 0.031711 0.057971
0 0.784511 0.280645 0.035674 0.055741
0 0.621003 0.366487 0.037656 0.049052
0 0.233539 0.288449 0.039638 0.044593
0 0.188945 0.294023 0.033693 0.051282
0 0.205792 0.325238 0.027747 0.042363
0 0.481278 0.233823 0.047566 0.051282
1 0.414884 0.309631 0.053512 0.064660
0 0.471368 0.049876 0.043602 0.049052
1 0.825140 0.200378 0.025765 0.064660
1 0.827122 0.275071 0.025765 0.062430
1 0.821176 0.347535 0.013873 0.055741
0 0.955584 0.171502 0.031711 0.037904
1 0.992342 0.394358 0.015316 0.020067
1 0.947028 0.394358 0.051530 0.015608
1 0.882616 0.388784 0.053512 0.022297
1 0.816222 0.386554 0.055494 0.017837
1 0.754782 0.382095 0.055494 0.017837
1 0.691361 0.379865 0.055494 0.022297
1 0.566500 0.379865 0.055494 0.022297
1 0.498124 0.374291 0.049548 0.015608
1 0.434703 0.375406 0.053512 0.026756
1 0.370291 0.373176 0.051530 0.022297
1 0.308851 0.368717 0.047566 0.022297
1 0.244439 0.367602 0.053512 0.024526
1 0.187955 0.364257 0.051530 0.022297
1 0.816222 0.426688 0.015855 0.057971
1 0.815231 0.496922 0.021801 0.064660
0 0.973514 0.732150 0.052972 0.062430
0 0.867751 0.712083 0.039638 0.044593
0 0.815231 0.723232 0.033693 0.057971
0 0.842977 0.940623 0.033693 0.046823
0 0.857842 0.994280 0.043602 0.011439
0 0.992342 0.979788 0.015316 0.040425
0 0.558573 0.703165 0.031711 0.044593
0 0.621003 0.438951 0.049548 0.069119
1 0.964865 0.914982 0.063421 0.066890
1 0.759737 0.903834 0.057476 0.049052
1 0.683433 0.836944 0.035674 0.066890
1 0.749827 0.758906 0.041620 0.044593
0 0.543708 0.988706 0.029729 0.022588
0 0.517943 0.690902 0.025765 0.033445
1 0.356417 0.814648 0.031711 0.026756
0 0.255340 0.392128 0.035674 0.024526
0 0.347499 0.411080 0.045584 0.049052
0 0.195882 0.637390 0.047566 0.055741
0 0.380200 0.652998 0.051530 0.069119
0 0.327680 0.685328 0.045584 0.053512
0 0.226602 0.831370 0.049548 0.060201
0 0.413893 0.850322 0.043602 0.044593
0 0.327680 0.764480 0.033693 0.042363
0 0.354435 0.775629 0.031711 0.042363
0 0.543708 0.476855 0.029729 0.037904
1 0.424793 0.906063 0.037656 0.049052
0 0.889552 0.637390 0.043602 0.037904
0 0.754782 0.950656 0.027747 0.031215
1 0.804330 0.992051 0.023783 0.015899
1 0.627940 0.599486 0.047566 0.091416
1 0.983424 0.626242 0.033153 0.086957
1 0.937118 0.606175 0.043602 0.095875
1 0.867751 0.611749 0.051530 0.080268
1 0.827122 0.605060 0.037656 0.066890
1 0.783520 0.598371 0.037656 0.089186
1 0.736945 0.597256 0.043602 0.091416
1 0.695325 0.596141 0.035674 0.084727
1 0.659650 0.589452 0.031711 0.089186
1 0.500106 0.821337 0.085222 0.222965
1 0.597220 0.825796 0.112969 0.218506
1 0.722081 0.831370 0.132788 0.216276
1 0.809285 0.846978 0.045584 0.229654
1 0.881625 0.845863 0.079277 0.227425
1 0.962613 0.846978 0.074773 0.225195