1 0.023307 0.141320 0.046615 0.016752
1 0.081811 0.137513 0.059562 0.018275
1 0.210410 0.133706 0.059562 0.019797
1 0.274709 0.130660 0.055501 0.016752
1 0.339009 0.127614 0.054147 0.019797
1 0.403308 0.125330 0.058208 0.021320
1 0.467608 0.121523 0.059562 0.022843
1 0.528523 0.120000 0.048732 0.025889
1 0.468285 0.070506 0.031135 0.057870
1 0.278093 0.060607 0.046025 0.044164
1 0.290276 0.026342 0.037903 0.036549
1 0.165738 0.011648 0.035196 0.023297
1 0.137311 0.135990 0.035196 0.012183
0 0.166415 0.128376 0.033842 0.039595
0 0.397894 0.210611 0.044671 0.051778
0 0.438504 0.222794 0.039257 0.051778
0 0.312612 0.343864 0.066330 0.062438
0 0.104823 0.377367 0.035196 0.031981
1 0.143403 0.346148 0.047379 0.048732
1 0.090609 0.191575 0.050086 0.041118
0 0.501450 0.063653 0.032488 0.028935
1 0.382326 0.139797 0.027073 0.025889
0 0.280801 0.161879 0.029781 0.033503
0 0.156263 0.154265 0.029781 0.039595
0 0.119713 0.156549 0.027073 0.022843
0 0.030371 0.514427 0.051440 0.031981
0 0.079103 0.572296 0.051440 0.038072
0 0.173860 0.569251 0.051440 0.047209
0 0.408723 0.464172 0.028427 0.056347
0 0.402631 0.510619 0.037903 0.045687
0 0.436473 0.534986 0.048732 0.033503
0 0.387064 0.694127 0.044671 0.053301
0 0.315996 0.780931 0.048732 0.035026
0 0.433766 0.766464 0.040610 0.051778
0 0.309228 0.873827 0.046025 0.044164
1 0.007740 0.844893 0.015480 0.025889
1 0.054060 0.847177 0.060915 0.018275
1 0.117683 0.841847 0.058208 0.016752
1 0.183336 0.841847 0.054147 0.013706
1 0.248989 0.841085 0.058208 0.018275
1 0.313289 0.840324 0.054147 0.022843
1 0.383680 0.841085 0.059562 0.018275
1 0.281484 0.506063 0.052793 0.050255
1 0.475736 0.661397 0.043318 0.056347
1 0.285545 0.804548 0.036549 0.031981
1 0.467614 0.815208 0.027073 0.031981
1 0.450016 0.839574 0.062269 0.019797
1 0.510255 0.837290 0.047379 0.012183
1 0.471675 0.872316 0.048732 0.048732
0 0.394516 0.948460 0.048732 0.045687
0 0.355936 0.958359 0.031135 0.065484
0 0.261179 0.968900 0.055501 0.062200
0 0.154915 0.990982 0.037903 0.018036