0 0.894333 0.258367 0.063623 0.071576
0 0.865229 0.013064 0.048732 0.026127
1 0.849662 0.039833 0.023012 0.033503
1 0.852369 0.098464 0.017598 0.065484
1 0.847932 0.172507 0.015855 0.064660
1 0.848923 0.241626 0.017837 0.064660
1 0.844959 0.318549 0.017837 0.066890
1 0.844959 0.392128 0.017837 0.071349
1 0.841986 0.463477 0.019819 0.066890
1 0.839014 0.538170 0.017837 0.064660
1 0.836041 0.617323 0.051530 0.071349
1 0.899462 0.617323 0.059457 0.022297
1 0.965856 0.617323 0.053512 0.017837
0 0.947028 0.142407 0.043602 0.057971
0 0.464432 0.012118 0.065403 0.024235
0 0.256331 0.276186 0.049548 0.053512
0 0.258313 0.317435 0.049548 0.046823
0 0.310833 0.437836 0.051530 0.069119
0 0.238493 0.562697 0.033693 0.064660
0 0.265249 0.576075 0.047566 0.033445
0 0.515961 0.311860 0.065403 0.057971
0 0.619021 0.290679 0.045584 0.060201
0 0.707216 0.360913 0.039638 0.057971
0 0.626949 0.488003 0.049548 0.044593
0 0.574428 0.504726 0.043602 0.046823
0 0.755773 0.580534 0.053512 0.042363
0 0.500106 0.427803 0.033693 0.057971
1 0.402992 0.495807 0.069367 0.046823
0 0.433712 0.111192 0.039638 0.062430
1 0.573437 0.146866 0.025765 0.040134
1 0.205792 0.605060 0.059457 0.033445
1 0.270204 0.607290 0.057476 0.020067
1 0.328670 0.607290 0.063421 0.020067
1 0.388128 0.607290 0.059457 0.020067
1 0.457495 0.609519 0.055494 0.020067
1 0.513980 0.608405 0.061439 0.022297
1 0.583347 0.610634 0.053512 0.017837
1 0.645777 0.610634 0.051530 0.022297
1 0.709198 0.612864 0.051530 0.022297
1 0.770638 0.616208 0.055494 0.020067
1 0.836041 0.686442 0.015855 0.062430
1 0.836041 0.760021 0.015855 0.057971
1 0.833068 0.836944 0.013873 0.064660
1 0.831086 0.906063 0.013873 0.069119
1 0.828113 0.974771 0.011891 0.050458
0 0.278132 0.667490 0.045584 0.051282
0 0.420830 0.684213 0.045584 0.040134
0 0.294978 0.816877 0.047566 0.055741
0 0.557582 0.962920 0.057476 0.044593
0 0.771628 0.737724 0.033693 0.053512
1 0.426775 0.731036 0.045584 0.044593
0 0.390110 0.735495 0.023783 0.044593
0 0.982702 0.816877 0.031711 0.055741
0 0.954956 0.811303 0.027747 0.053512
0 0.955947 0.864815 0.045584 0.044593
1 0.607603 0.853351 0.038622 0.051350
1 0.409226 0.171981 0.049155 0.047400
0 0.286996 0.249983 0.035196 0.022843