0 0.857842 0.022151 0.043602 0.044302
0 0.929191 0.024235 0.047566 0.044593
0 0.992342 0.004314 0.015316 0.008628
1 0.757755 0.123455 0.037656 0.055741
0 0.689379 0.050991 0.051530 0.075808
0 0.543708 0.017692 0.029729 0.035383
0 0.322725 0.077747 0.027747 0.044593
0 0.285068 0.132373 0.031711 0.042363
0 0.322725 0.110077 0.031711 0.024526
1 0.804330 0.021036 0.023783 0.042072
1 0.806312 0.087780 0.015855 0.064660
1 0.804330 0.160244 0.051530 0.057971
1 0.738927 0.161359 0.055494 0.024526
1 0.674515 0.155785 0.053512 0.022297
1 0.611093 0.153555 0.049548 0.026756
1 0.548663 0.147981 0.051530 0.028986
1 0.484251 0.145751 0.049548 0.033445
1 0.420830 0.137947 0.053512 0.031215
1 0.358399 0.134603 0.047566 0.024526
1 0.173090 0.123455 0.045584 0.020067
1 0.233539 0.129029 0.055494 0.031215
1 0.310833 0.135718 0.019819 0.017837
1 0.455513 0.419999 0.142698 0.171683
1 0.343535 0.401047 0.037656 0.044593
1 0.667578 0.329698 0.031711 0.075808
1 0.693343 0.312975 0.023783 0.046823
1 0.935136 0.326353 0.035674 0.060201
1 0.895498 0.323009 0.031711 0.022297
1 0.857842 0.320779 0.039638 0.053512
1 0.825140 0.316320 0.033693 0.053512
1 0.789466 0.316320 0.029729 0.044593
1 0.757755 0.316320 0.029729 0.044593
1 0.727035 0.310746 0.031711 0.024526
1 0.866760 0.169163 0.053512 0.026756
1 0.932164 0.173622 0.057476 0.017837
1 0.986396 0.175852 0.027207 0.031215
1 0.992342 0.236052 0.015316 0.084727