0 0.261179 0.003165 0.055501 0.006330
0 0.290283 0.039833 0.046025 0.045687
0 0.174543 0.166233 0.060915 0.054824
0 0.106183 0.053539 0.027073 0.060915
0 0.154915 0.014587 0.037903 0.029173
1 0.376241 0.235524 0.041964 0.041118
1 0.034232 0.619553 0.059457 0.022297
1 0.094681 0.619553 0.053512 0.031215
1 0.163057 0.620668 0.055494 0.024526
1 0.228460 0.619553 0.055494 0.026756
1 0.296836 0.622897 0.061439 0.028986
1 0.357284 0.624012 0.071349 0.017837
1 0.427642 0.622897 0.057476 0.028986
1 0.491064 0.621782 0.053512 0.017837
0 0.498000 0.563811 0.035674 0.044593
0 0.439534 0.221559 0.041620 0.064660
1 0.044142 0.133488 0.051530 0.057971
1 0.334492 0.108962 0.029729 0.035674
0 0.339447 0.509185 0.035674 0.069119
1 0.435570 0.409965 0.045584 0.031215
0 0.119455 0.678639 0.055494 0.060201
0 0.187831 0.814648 0.057476 0.069119
0 0.109545 0.864815 0.051530 0.044593
0 0.134542 0.911296 0.029535 0.040149
0 0.093888 0.399104 0.028089 0.043450