0 0.010179 0.004314 0.020359 0.008628
0 0.161075 0.000969 0.027747 0.001939
0 0.149183 0.146866 0.055494 0.053512
0 0.112518 0.045417 0.045584 0.042363
0 0.191794 0.009888 0.021801 0.019776
0 0.236388 0.042072 0.031711 0.053512
1 0.038196 0.155785 0.055494 0.071349
1 0.217559 0.126799 0.049548 0.098105
1 0.375122 0.140177 0.067385 0.066890
1 0.474217 0.137947 0.039638 0.071349
1 0.302782 0.137947 0.045584 0.053512
0 0.250261 0.092240 0.027747 0.042363
1 0.004234 0.175852 0.008467 0.031215
1 0.127382 0.190344 0.059457 0.024526
1 0.196749 0.190344 0.059457 0.024526
1 0.258189 0.192574 0.051530 0.028986
1 0.027026 0.236052 0.054051 0.084727
1 0.164048 0.474625 0.140716 0.160535
1 0.085762 0.316320 0.079277 0.151617
1 0.267107 0.027580 0.033693 0.037904
1 0.070898 0.042072 0.033693 0.044593