0 0.080807 0.161359 0.049548 0.057971
0 0.247288 0.287334 0.049548 0.042363
0 0.297827 0.032039 0.047566 0.040134
0 0.056033 0.388784 0.035674 0.057971
0 0.125400 0.384324 0.027747 0.053512
1 0.281972 0.077747 0.047566 0.046823
1 0.461335 0.205952 0.057476 0.057971
1 0.467281 0.125684 0.033693 0.031215
0 0.478447 0.159129 0.033693 0.026756
1 0.474217 0.412195 0.051530 0.024526
1 0.407823 0.409965 0.057476 0.020067
1 0.343411 0.408850 0.059457 0.017837
1 0.274044 0.405506 0.051530 0.020067
1 0.210623 0.399932 0.055494 0.017837
1 0.153147 0.401047 0.027747 0.015608
1 0.088735 0.397702 0.033693 0.013378
1 0.018107 0.394358 0.036214 0.020067
0 0.182876 0.453444 0.059457 0.049052
0 0.421697 0.477970 0.061439 0.049052
0 0.481154 0.488003 0.029729 0.060201
0 0.424670 0.596141 0.059457 0.062430
0 0.416742 0.661916 0.031711 0.046823
0 0.436561 0.735495 0.043602 0.051282
0 0.320619 0.914982 0.045584 0.066890
0 0.206659 0.936164 0.039638 0.055741
0 0.128373 0.735495 0.037656 0.051282
0 0.003243 0.732150 0.006485 0.062430
0 0.010179 0.979788 0.020359 0.040425
0 0.161075 0.978673 0.027747 0.042655
0 0.191794 0.989821 0.021801 0.020358
0 0.184495 0.745230 0.025765 0.051282
1 0.126391 0.894915 0.041620 0.057971
1 0.004234 0.626242 0.008467 0.086957
1 0.022071 0.846978 0.044142 0.225195
1 0.109545 0.852552 0.107023 0.231884
1 0.037387 0.080032 0.027026 0.018243
1 0.040990 0.126652 0.019819 0.026350
0 0.076865 0.420320 0.041964 0.024366