0 0.415803 0.216703 0.032488 0.054824
0 0.465212 0.206804 0.052793 0.050255
0 0.262837 0.388789 0.046025 0.054824
0 0.302094 0.209850 0.035196 0.050255
0 0.326460 0.313406 0.037903 0.041118
0 0.450998 0.311883 0.043318 0.035026
0 0.546432 0.392596 0.052793 0.056347
0 0.304124 0.483208 0.050086 0.030458
0 0.679092 0.332442 0.052793 0.054824
0 0.760313 0.295131 0.044671 0.056347
0 0.672324 0.400210 0.039257 0.041118
0 0.626299 0.525087 0.028427 0.047209
0 0.801600 0.445897 0.040610 0.044164
0 0.940352 0.480162 0.039257 0.045687
0 0.469273 0.166448 0.023012 0.036549
0 0.796862 0.176346 0.044671 0.044164
0 0.391436 0.135229 0.046025 0.053301
1 0.449644 0.135990 0.027073 0.042641
1 0.344058 0.264674 0.037903 0.044164
0 0.275020 0.092588 0.024366 0.031981
0 0.325106 0.072029 0.043318 0.054824
0 0.755575 0.126091 0.027073 0.041118
0 0.729855 0.087258 0.029781 0.036549
1 0.664570 0.233040 0.052793 0.057870
1 0.844917 0.132183 0.048732 0.080713
1 0.292618 0.173301 0.051440 0.013706
1 0.350826 0.170255 0.051440 0.019797
1 0.409711 0.167971 0.050086 0.015229
1 0.450998 0.165686 0.010829 0.007614
1 0.486194 0.164925 0.018951 0.009137
1 0.530188 0.164163 0.052793 0.016752
1 0.590427 0.161118 0.048732 0.016752
1 0.650665 0.158833 0.055501 0.015229
1 0.710904 0.155788 0.051440 0.015229
1 0.773850 0.152742 0.050086 0.015229
1 0.890942 0.197667 0.021659 0.047209
1 0.884851 0.328635 0.014890 0.056347
1 0.882143 0.274572 0.020305 0.027412
0 0.885528 0.239546 0.027073 0.036549
1 0.960657 0.145889 0.055501 0.013706
1 0.922077 0.126091 0.040610 0.095942
1 0.997588 0.141320 0.004825 0.016752
1 0.417833 0.448943 0.063623 0.068530
1 0.328491 0.638542 0.031135 0.036549
0 0.260130 0.713163 0.029781 0.039595
0 0.243886 0.790830 0.029781 0.042641
0 0.578244 0.726869 0.048732 0.079190
0 0.652696 0.657578 0.056854 0.050255
0 0.529511 0.595901 0.037903 0.045687
0 0.454382 0.563920 0.050086 0.051778
0 0.331875 0.570012 0.037903 0.033503
0 0.818521 0.865451 0.044671 0.051778
0 0.726471 0.895148 0.058208 0.035026
0 0.593134 0.850223 0.035196 0.045687
1 0.875740 0.536340 0.044671 0.053301
1 0.869960 0.598947 0.012183 0.060915
1 0.866576 0.667477 0.013537 0.060915
1 0.865899 0.738291 0.012183 0.065484
1 0.861838 0.807582 0.012183 0.057870
0 0.218166 0.883726 0.037903 0.027412
1 0.235087 0.855553 0.052793 0.019797
1 0.295326 0.856314 0.051440 0.021320
1 0.358271 0.854030 0.055501 0.019797
1 0.419187 0.854030 0.050086 0.016752
1 0.482133 0.855553 0.054147 0.019797
1 0.543725 0.851745 0.050086 0.021320
1 0.612762 0.850223 0.039257 0.009137
1 0.672324 0.849461 0.055501 0.019797
1 0.735270 0.850223 0.056854 0.021320
1 0.793478 0.848700 0.046025 0.015229
0 0.819874 0.722300 0.023012 0.039595
1 0.688568 0.589048 0.033842 0.038072
0 0.416479 0.580672 0.033842 0.036549
0 0.281112 0.617221 0.028427 0.036549
1 0.318338 0.353762 0.051440 0.045687
0 0.953888 0.597424 0.044671 0.057870
1 0.922077 0.847177 0.056854 0.021320
1 0.980667 0.844893 0.038667 0.025889
0 0.943742 0.902774 0.054147 0.051778
0 0.865229 0.992505 0.048732 0.014990
0 0.886211 0.875362 0.036549 0.030458
1 0.858460 0.847950 0.059562 0.018275
1 0.857107 0.879931 0.016244 0.060915
1 0.856430 0.952268 0.017598 0.056347
0 0.464432 0.980902 0.065403 0.038195
0 0.543708 0.940623 0.041620 0.060201
0 0.675816 0.037049 0.024366 0.013706
0 0.714396 0.039333 0.014890 0.021320
0 0.264299 0.123853 0.024366 0.041118