0 0.276452 0.992917 0.042207 0.014165
0 0.338694 0.982008 0.025702 0.035985
0 0.368564 0.981226 0.028481 0.037548
1 0.505149 0.712025 0.140824 0.143508
1 0.536449 0.427767 0.045584 0.060201
1 0.712840 0.584957 0.017837 0.022297
1 0.805990 0.651847 0.041620 0.040134
1 0.794098 0.695325 0.045584 0.033445
1 0.865447 0.476819 0.200173 0.118172
1 0.860917 0.717892 0.021815 0.024542
1 0.887038 0.728226 0.022390 0.024542
0 0.768488 0.777311 0.052816 0.042626
0 0.715098 0.795072 0.039038 0.057481
1 0.874317 0.871733 0.049548 0.071349
1 0.942693 0.866159 0.031711 0.051282
1 0.902064 0.929704 0.033693 0.035674
0 0.957923 0.969647 0.036613 0.035469
1 0.914190 0.991975 0.028477 0.016051
1 0.990149 0.954201 0.019703 0.032037
1 0.985891 0.985093 0.015256 0.020595
1 0.355329 0.934178 0.062039 0.040046