0 0.282587 0.002098 0.035196 0.004197
0 0.170232 0.030086 0.040610 0.042641
0 0.356362 0.106230 0.055501 0.057870
0 0.420662 0.156485 0.032488 0.051778
0 0.199336 0.112322 0.047379 0.054824
0 0.162787 0.156485 0.050086 0.076144
0 0.093749 0.130596 0.039257 0.051778
0 0.042310 0.070442 0.031135 0.059392
0 0.023524 0.006667 0.047048 0.013334
0 0.093004 0.317135 0.048647 0.054728
0 0.006743 0.562940 0.013486 0.066890
0 0.123393 0.482875 0.054052 0.064863
1 0.095466 0.534563 0.041440 0.042566
1 0.068439 0.577129 0.037837 0.070944
0 0.359421 0.236600 0.061259 0.050674
0 0.305368 0.270045 0.064863 0.052701
0 0.151320 0.270045 0.048647 0.068917
0 0.203570 0.383554 0.055854 0.060809
0 0.325188 0.462606 0.061259 0.052701
0 0.210777 0.583210 0.066664 0.062836
0 0.277441 0.596385 0.045044 0.072971
0 0.329692 0.607533 0.037837 0.070944
0 0.384645 0.537603 0.043242 0.044593
0 0.418878 0.588277 0.057656 0.048647
0 0.408969 0.621722 0.055854 0.054728
0 0.442301 0.666315 0.032431 0.058782
0 0.377438 0.672396 0.039638 0.054728
0 0.331494 0.706854 0.052250 0.062836
0 0.431490 0.784892 0.061259 0.060809
0 0.260325 0.746380 0.043242 0.056755
0 0.173841 0.713949 0.043242 0.048647
1 0.219786 0.733205 0.048647 0.147968
0 0.271135 0.835566 0.046845 0.064863
0 0.123393 0.879146 0.064863 0.074997
0 0.013950 0.857863 0.027900 0.060809
0 0.329692 0.774757 0.055854 0.089186
0 0.399960 0.809216 0.041440 0.044593
0 0.370231 0.801108 0.025224 0.052701
0 0.430589 0.845701 0.052250 0.048647
0 0.436896 0.920698 0.057656 0.068917
0 0.397257 0.957184 0.046845 0.048647
0 0.425184 0.982646 0.045044 0.034709
0 0.338701 0.995821 0.055854 0.008358
0 0.338701 0.962251 0.055854 0.046620
0 0.227894 0.973524 0.043242 0.052951
0 0.186454 0.986700 0.050449 0.026601
0 0.056728 0.998861 0.043242 0.002277
0 0.226993 0.880159 0.041440 0.048647
1 0.242793 0.115212 0.026161 0.039242
1 0.452083 0.026918 0.026161 0.049052