0 0.981519 0.074747 0.036962 0.056755
0 0.935111 0.014064 0.052250 0.028127
0 0.779260 0.000888 0.043242 0.001777
0 0.822502 0.064612 0.032431 0.048647
0 0.849528 0.098057 0.039638 0.050674
1 0.884662 0.243998 0.019819 0.026350
1 0.862140 0.252106 0.021621 0.026350
1 0.888265 0.265281 0.034233 0.020270
0 0.590978 0.012037 0.041440 0.024073
0 0.131534 0.014064 0.048647 0.028127
0 0.123426 0.045356 0.050449 0.038512
0 0.188289 0.011023 0.036035 0.022046
0 0.232432 0.001902 0.027026 0.003804
0 0.231531 0.033195 0.043242 0.042566
0 0.267566 0.050424 0.046845 0.040539
0 0.266665 0.151772 0.048647 0.052701
0 0.259458 0.088936 0.048647 0.032431
0 0.318014 0.028127 0.039638 0.048647
0 0.319816 0.072720 0.043242 0.040539
0 0.417110 0.038262 0.057656 0.060809
0 0.365761 0.063599 0.045044 0.042566
0 0.489180 0.046370 0.050449 0.052701
0 0.518909 0.113259 0.037837 0.048647
0 0.446839 0.141637 0.063061 0.032431
0 0.394588 0.112246 0.037837 0.034458
0 0.356752 0.129475 0.052250 0.048647
0 0.599086 0.104138 0.039638 0.054728
0 0.729712 0.064612 0.070268 0.056755
0 0.719803 0.112246 0.043242 0.054728
0 0.635121 0.100084 0.046845 0.034458
0 0.456748 0.251093 0.028828 0.040539
0 0.523413 0.235890 0.057656 0.046620
0 0.660345 0.133529 0.032431 0.032431
0 0.168470 0.191297 0.043242 0.046620
0 0.119823 0.161906 0.025224 0.032431
1 0.556745 0.156839 0.084682 0.042566
1 0.402696 0.184203 0.036035 0.036485
1 0.913490 0.077788 0.045044 0.054728
0 0.894571 0.014064 0.032431 0.028127
1 0.909886 0.164947 0.030630 0.034458
1 0.766439 0.155123 0.045782 0.103010
1 0.841653 0.156349 0.052323 0.120178