0 0.123070 0.002202 0.044548 0.004405
0 0.228556 0.022060 0.047069 0.044120
0 0.310507 0.015441 0.059677 0.030881
0 0.272683 0.053576 0.036143 0.034041
0 0.254612 0.117403 0.042026 0.052008
0 0.307985 0.105583 0.039505 0.052953
0 0.179805 0.081471 0.028578 0.033096
0 0.055407 0.145771 0.050432 0.044443
0 0.020979 0.243167 0.041959 0.048225
0 0.061291 0.198251 0.043707 0.041606
0 0.186529 0.263024 0.036983 0.046334
0 0.081884 0.241748 0.037824 0.041606
0 0.108360 0.218108 0.031940 0.051062
0 0.059610 0.314559 0.021854 0.047280
0 0.006691 0.181703 0.013381 0.038769
0 0.036075 0.440322 0.035302 0.034041
0 0.160053 0.388788 0.047910 0.046334
0 0.119287 0.440795 0.042026 0.044443
0 0.170559 0.449305 0.050432 0.057681
0 0.108360 0.488548 0.040345 0.051062
0 0.006691 0.496112 0.013381 0.051062
0 0.229816 0.492330 0.041186 0.052953
0 0.277306 0.441898 0.040345 0.059887
0 0.443674 0.126254 0.046025 0.053301
0 0.432845 0.197830 0.037903 0.035026
0 0.252129 0.213820 0.023012 0.030458
0 0.206781 0.704189 0.048732 0.063961
0 0.457211 0.638705 0.051440 0.039595
0 0.271081 0.727032 0.047379 0.045687
0 0.365838 0.716372 0.036549 0.042641
0 0.338764 0.734646 0.036549 0.048732
0 0.201366 0.856477 0.043318 0.060915
0 0.262959 0.915108 0.039257 0.059392
0 0.282587 0.977732 0.035196 0.044536
0 0.023524 0.977732 0.047048 0.044536
0 0.004572 0.732362 0.009145 0.056347
0 0.136390 0.903686 0.016244 0.036549
0 0.153311 0.935667 0.025720 0.021320
0 0.395619 0.897595 0.017598 0.045687
0 0.155342 0.749114 0.054147 0.053301
1 0.295115 0.757129 0.034882 0.039242
1 0.256963 0.863818 0.023981 0.041695
1 0.386680 0.938623 0.030521 0.039242