0 0.637561 0.019612 0.033842 0.039223
0 0.952290 0.167907 0.054147 0.053301
0 0.998481 0.006667 0.003038 0.013334
0 0.982071 0.019612 0.032488 0.039223
0 0.228828 0.107888 0.070268 0.056755
0 0.305402 0.192007 0.046845 0.058782
0 0.203604 0.247748 0.063061 0.048647
0 0.225225 0.285247 0.048647 0.038512
0 0.460352 0.187953 0.054052 0.058782
0 0.499990 0.292341 0.079277 0.072971
0 0.621608 0.186939 0.052250 0.056755
0 0.629716 0.133225 0.061259 0.042566
0 0.787368 0.097753 0.066664 0.064863
0 0.850429 0.296395 0.048647 0.056755
0 0.740523 0.389635 0.037837 0.064863
0 0.703587 0.383554 0.043242 0.052701
0 0.537827 0.436255 0.050449 0.068917
0 0.452244 0.451457 0.041440 0.038512
0 0.422515 0.406864 0.050449 0.054728
0 0.382877 0.399770 0.043242 0.056755
0 0.248647 0.428147 0.048647 0.052701
0 0.313510 0.448417 0.055854 0.048647
0 0.202703 0.505172 0.050449 0.064863
0 0.121625 0.404837 0.028828 0.066890
0 0.252251 0.527468 0.034233 0.040539
0 0.308105 0.580169 0.045044 0.064863
0 0.231531 0.603479 0.050449 0.050674
0 0.116219 0.580169 0.028828 0.044593
0 0.163065 0.603479 0.039638 0.058782
0 0.318014 0.485916 0.036035 0.030404
0 0.143246 0.744353 0.039638 0.036485
0 0.168470 0.664288 0.032431 0.026350
0 0.383778 0.718002 0.041440 0.032431
0 0.481973 0.547738 0.039638 0.048647
1 0.575663 0.398756 0.018017 0.066890
0 0.629716 0.239640 0.068466 0.040539
0 0.840519 0.385581 0.032431 0.044593
0 0.855834 0.415986 0.045044 0.032431
0 0.820700 0.451457 0.039638 0.079051
0 0.763044 0.569021 0.061259 0.074997
0 0.613500 0.566994 0.061259 0.070944
0 0.527016 0.597398 0.043242 0.066890
0 0.657643 0.720029 0.059457 0.056755
0 0.699983 0.679490 0.046845 0.052701
0 0.796377 0.796040 0.052250 0.058782
0 0.868446 0.529495 0.052250 0.060809
0 0.982420 0.562940 0.035161 0.066890
0 0.919796 0.556859 0.039638 0.046620
0 0.836916 0.595371 0.021621 0.030404
0 0.745928 0.438282 0.019819 0.032431
0 0.568456 0.752461 0.036035 0.052701
0 0.114418 0.784892 0.025224 0.044593
0 0.203604 0.783879 0.045044 0.066890
0 0.217117 0.701787 0.050449 0.048647
0 0.332428 0.739286 0.050449 0.066890
0 0.328825 0.817661 0.054052 0.053377
0 0.433326 0.741312 0.050449 0.038512
0 0.987825 0.857863 0.024350 0.060809
0 0.935111 0.977578 0.052250 0.044843
0 0.779260 0.975551 0.043242 0.048897
0 0.670255 0.894348 0.045044 0.056755
0 0.580168 0.871038 0.048647 0.034458
0 0.511702 0.900429 0.052250 0.056755
0 0.575663 0.917658 0.039638 0.046620
0 0.590978 0.981632 0.041440 0.036736
0 0.536025 0.965291 0.050449 0.040539
0 0.618905 0.924752 0.043242 0.052701
0 0.467559 0.967318 0.036035 0.056755
0 0.420714 0.953130 0.043242 0.036485
0 0.425218 0.979480 0.037837 0.032431
0 0.381075 0.932860 0.036035 0.052701
0 0.319816 0.916644 0.036035 0.052701
0 0.191893 0.936914 0.046845 0.044593
0 0.131534 0.897388 0.048647 0.042566
0 0.131534 0.991767 0.048647 0.016466
0 0.188289 0.983659 0.036035 0.032682
0 0.232432 0.977578 0.027026 0.044843
0 0.256755 0.969345 0.039638 0.060809
0 0.365761 0.871038 0.041440 0.030404
0 0.349545 0.899415 0.016216 0.034458
1 0.137840 0.957184 0.032431 0.040539
0 0.894571 0.997848 0.032431 0.004304
1 0.813493 0.864957 0.028828 0.042566
1 0.747730 0.862930 0.023423 0.038512
1 0.585573 0.682531 0.027026 0.034458
1 0.503594 0.736245 0.025224 0.032431