0 0.276452 0.019627 0.042207 0.039253
0 0.231607 0.045188 0.036931 0.041547
0 0.338694 0.003108 0.025702 0.006215
0 0.368564 0.001545 0.028481 0.003089
0 0.322875 0.038824 0.035743 0.031685
0 0.344432 0.144326 0.041679 0.043337
0 0.392111 0.158180 0.042310 0.048310
0 0.546196 0.075059 0.043573 0.032680
0 0.562300 0.119461 0.036627 0.037653
0 0.584402 0.098148 0.030312 0.036232
0 0.540829 0.211818 0.045468 0.046178
0 0.730910 0.070796 0.041679 0.051151
0 0.720806 0.225316 0.054309 0.073175
0 0.784587 0.058363 0.040416 0.039074
0 0.793428 0.086070 0.030312 0.030549
0 0.767221 0.116264 0.030943 0.031259
0 0.773852 0.139708 0.046731 0.038364
0 0.821846 0.118395 0.036627 0.041205
0 0.852789 0.141840 0.042942 0.039784
0 0.890679 0.168481 0.031575 0.036232
0 0.927306 0.129052 0.047994 0.025576
0 0.860683 0.077900 0.027154 0.031259
0 0.931727 0.074703 0.039153 0.047599
0 0.983545 0.145392 0.032909 0.055414
0 0.919097 0.245563 0.029049 0.048310
1 0.914190 0.005132 0.028477 0.010265
1 0.831810 0.032004 0.028477 0.029748
1 0.856727 0.046306 0.017290 0.021739
1 0.958431 0.022279 0.021358 0.026316
0 0.284645 0.216215 0.024409 0.032037
0 0.301934 0.282004 0.034579 0.042334
0 0.228199 0.280288 0.041698 0.041190
0 0.237353 0.242530 0.035596 0.029748
1 0.542972 0.280860 0.024409 0.024027
1 0.649761 0.233949 0.028477 0.035469
0 0.364066 0.268742 0.076740 0.059289
0 0.367302 0.325951 0.033285 0.038486
0 0.363604 0.380558 0.057324 0.056168
0 0.261438 0.320230 0.047153 0.033285
0 0.234625 0.382119 0.045304 0.044726
0 0.257740 0.443488 0.037908 0.048887
0 0.255890 0.488214 0.041606 0.028084
0 0.344650 0.488734 0.043455 0.054088
0 0.479638 0.310868 0.052701 0.047847
0 0.513385 0.383679 0.049927 0.035365
0 0.563313 0.445048 0.044380 0.054088
0 0.705235 0.502256 0.045304 0.043686
0 0.659006 0.531380 0.041606 0.049927
0 0.679347 0.621353 0.043455 0.046807
0 0.420928 0.647877 0.049927 0.041606
0 0.781513 0.320750 0.068419 0.059289
0 0.451439 0.391480 0.025888 0.036405
0 0.618787 0.345193 0.035134 0.047847
0 0.274844 0.648917 0.035134 0.031205
0 0.307667 0.570906 0.028662 0.024964
1 0.343263 0.542302 0.031436 0.034325
1 0.615551 0.459090 0.019416 0.028084
0 0.567473 0.570906 0.030511 0.035365
1 0.664554 0.395121 0.013869 0.018723
0 0.229540 0.634875 0.046229 0.028084
1 0.994309 0.369117 0.011382 0.039526
0 0.862876 0.382119 0.044380 0.057208
0 0.905406 0.389920 0.044380 0.043686
0 0.952560 0.493935 0.042531 0.047847
0 0.793533 0.650997 0.042531 0.041606
0 0.978448 0.604711 0.033285 0.048887
0 0.910954 0.703525 0.044380 0.050967
0 0.910029 0.742531 0.064720 0.024964
0 0.852243 0.569866 0.041606 0.045767
0 0.869348 0.634875 0.031436 0.034325
0 0.936842 0.635395 0.024039 0.027044
1 0.759323 0.525139 0.029586 0.027044
1 0.830516 0.464811 0.020341 0.035365
0 0.877059 0.303440 0.038900 0.055485
0 0.960417 0.271399 0.027786 0.027352
0 0.844435 0.829471 0.043707 0.045388
0 0.978533 0.848855 0.042934 0.046334
0 0.936473 0.920720 0.054634 0.044443
0 0.852841 0.988019 0.035302 0.023963
0 0.824263 0.971309 0.020173 0.020803
0 0.678852 0.880060 0.038664 0.050116
0 0.637666 0.846964 0.040345 0.057681
0 0.546469 0.802048 0.047910 0.047280
0 0.509486 0.858311 0.039505 0.044443
0 0.390131 0.862566 0.044548 0.024585
1 0.505283 0.992274 0.044548 0.015453
1 0.720038 0.918356 0.030259 0.030259
1 0.706169 0.830416 0.019332 0.024585
0 0.324991 0.810086 0.045388 0.053899
0 0.242199 0.846491 0.029418 0.047280
0 0.226649 0.899917 0.030259 0.048225
0 0.205636 0.952870 0.038664 0.027422
0 0.245561 0.944360 0.026056 0.034987
1 0.311887 0.750329 0.039242 0.046600
1 0.680325 0.471957 0.030521 0.024526
1 0.539708 0.664487 0.032702 0.036789
1 0.565869 0.177642 0.028341 0.029431
1 0.597481 0.176416 0.026161 0.026979
1 0.709756 0.106516 0.028341 0.029431
1 0.515727 0.135948 0.019621 0.029431
1 0.679235 0.668166 0.019621 0.024526
1 0.681415 0.685334 0.028341 0.029431
1 0.485205 0.703729 0.023981 0.026979
1 0.465585 0.707408 0.019621 0.029431
1 0.908146 0.573740 0.045782 0.046600