1 0.008804 0.532965 0.017607 0.020137
0 0.034388 0.534853 0.022375 0.033982
0 0.072985 0.523526 0.030206 0.041533
0 0.111581 0.548068 0.026850 0.035240
0 0.142347 0.591489 0.057056 0.036499
0 0.041101 0.627359 0.026850 0.050343
0 0.000413 0.588972 0.000826 0.056636
0 0.104869 0.697210 0.051462 0.041533
0 0.071307 0.746924 0.020137 0.042792
0 0.136753 0.795380 0.041393 0.028947
1 0.132837 0.517862 0.051462 0.022654
1 0.175909 0.513457 0.023494 0.013844
0 0.003210 0.825586 0.006420 0.031465
0 0.081935 0.650643 0.030206 0.023913
0 0.039982 0.741890 0.024612 0.035240
0 0.103191 0.639945 0.016781 0.022654
0 0.031591 0.461855 0.021256 0.021396
1 0.029354 0.505906 0.030206 0.021396
0 0.095359 0.996803 0.022375 0.006394
0 0.076341 0.938229 0.046987 0.045309
0 0.083613 0.900471 0.048106 0.040275
0 0.008524 0.933194 0.017048 0.052860
1 0.146262 0.929419 0.021256 0.022654