0 0.375451 0.021289 0.062649 0.042577
0 0.263577 0.050758 0.051462 0.041533
0 0.137719 0.056422 0.043631 0.027689
0 0.321192 0.045095 0.025731 0.035240
1 0.395588 0.127532 0.055937 0.059153
0 0.199809 0.162143 0.053699 0.075515
0 0.265255 0.166548 0.036918 0.046568
0 0.293783 0.176616 0.040275 0.041533
0 0.425794 0.204934 0.058174 0.027689
0 0.660170 0.226330 0.034681 0.060412
0 0.748550 0.286113 0.048106 0.059153
1 0.156737 0.392463 0.052581 0.015103
1 0.219946 0.389317 0.058174 0.016362
1 0.282595 0.379877 0.051462 0.015103
1 0.347482 0.376102 0.058174 0.012586
1 0.412369 0.369179 0.055937 0.011327
1 0.476137 0.360369 0.060412 0.016362
1 0.539346 0.356594 0.050343 0.016362
1 0.602555 0.347784 0.058174 0.016362
1 0.665764 0.343378 0.057056 0.020137
1 0.727294 0.336456 0.054818 0.018879
0 0.179671 0.292406 0.031325 0.018879
0 0.444253 0.260941 0.041393 0.036499
0 0.580180 0.290518 0.031325 0.022654
1 0.467187 0.078554 0.076074 0.157108
1 0.567874 0.072891 0.114111 0.145781
1 0.694291 0.063451 0.132011 0.126902
1 0.777078 0.056529 0.060412 0.113058
1 0.845881 0.057788 0.074956 0.115575
1 0.941679 0.059046 0.116642 0.118092
1 0.998735 0.045202 0.002530 0.090404
1 0.685341 0.501330 0.024612 0.066705
1 0.719463 0.499443 0.027968 0.035240
1 0.753585 0.498813 0.035800 0.066705
1 0.786587 0.498184 0.032443 0.050343
1 0.819590 0.493150 0.031325 0.055378
1 0.853712 0.490003 0.041393 0.049085
1 0.921955 0.481822 0.045868 0.052860
1 0.890630 0.485598 0.030206 0.030206
1 0.843084 0.528390 0.042512 0.045309
1 0.792740 0.322612 0.049225 0.056636
1 0.788265 0.249614 0.017900 0.074256
1 0.854830 0.321983 0.057056 0.015103
1 0.921395 0.316319 0.055937 0.023913
1 0.979157 0.308138 0.041686 0.020137
1 0.983073 0.360369 0.033855 0.051602
1 0.977332 0.435255 0.024612 0.100687
1 0.964467 0.515175 0.012306 0.056636
1 0.945448 0.608310 0.030206 0.119565
1 0.593045 0.403790 0.083905 0.057895
1 0.637795 0.529019 0.059293 0.195080
1 0.453203 0.669351 0.119705 0.153547
1 0.794978 0.902818 0.069362 0.119565
1 0.872171 0.892749 0.053699 0.124600
1 0.782112 0.176616 0.022375 0.066705
0 0.894001 0.269953 0.067494 0.066570