0 0.108631 0.010018 0.034681 0.020036
0 0.129887 0.062828 0.050343 0.032723
0 0.129328 0.123869 0.053699 0.031465
0 0.169043 0.194350 0.043631 0.046568
0 0.315039 0.077302 0.040275 0.049085
0 0.389435 0.061570 0.036918 0.040275
0 0.600317 0.001837 0.046987 0.003675
0 0.563958 0.108137 0.039156 0.037757
0 0.523124 0.243435 0.035800 0.046568
0 0.325107 0.127016 0.033562 0.030206
0 0.038710 0.003096 0.015662 0.006192
1 0.065560 0.079819 0.033562 0.033982
1 0.051016 0.034510 0.022375 0.018879
1 0.043744 0.127645 0.014544 0.016362
1 0.144990 0.094922 0.026850 0.026430
0 0.051016 0.259796 0.026850 0.031465
0 0.036473 0.179876 0.024612 0.030206
0 0.094647 0.317691 0.033562 0.036499
0 0.105275 0.344751 0.039156 0.040275
0 0.128209 0.357966 0.033562 0.023913
0 0.155059 0.399499 0.033562 0.036499
0 0.209877 0.427188 0.038037 0.044050
0 0.150584 0.557451 0.033562 0.042792
0 0.320632 0.303217 0.055937 0.037757
0 0.331820 0.429705 0.044750 0.031465
0 0.460475 0.398240 0.038037 0.036499
0 0.524243 0.433481 0.051462 0.049085
0 0.626608 0.443549 0.025731 0.039016
0 0.608148 0.351044 0.040275 0.032723
0 0.462712 0.515288 0.040275 0.036499
0 0.460475 0.475643 0.029087 0.030206
0 0.499631 0.529762 0.060412 0.037757
0 0.555008 0.508366 0.032443 0.027689
0 0.522565 0.619121 0.045868 0.025172
0 0.153940 0.245952 0.035800 0.031465
1 0.248474 0.251616 0.036918 0.035240
1 0.226658 0.286227 0.049225 0.036499
1 0.070035 0.217005 0.046987 0.013844
1 0.127650 0.210712 0.048106 0.013844
1 0.185824 0.206936 0.048106 0.011327
1 0.245118 0.200643 0.050343 0.013844
1 0.304411 0.196867 0.052581 0.018879
1 0.364263 0.191833 0.049225 0.016362
1 0.422438 0.178618 0.046987 0.032723
1 0.478934 0.177989 0.045868 0.016362
1 0.542702 0.174213 0.054818 0.013844
1 0.599199 0.169178 0.053699 0.013844
1 0.656814 0.162256 0.048106 0.015103
1 0.663526 0.254762 0.016781 0.049085
0 0.666323 0.201272 0.035800 0.035240
1 0.666323 0.318320 0.017900 0.057895
1 0.671917 0.381249 0.013425 0.050343
1 0.674154 0.445437 0.015662 0.050343
1 0.679188 0.510883 0.019019 0.060412
1 0.681426 0.574442 0.019019 0.056636
0 0.506903 0.313286 0.025731 0.027689
1 0.486206 0.298183 0.024612 0.027689
0 0.365941 0.680163 0.030206 0.046568
0 0.212674 0.841890 0.045868 0.050343
0 0.304970 0.857623 0.026850 0.036499
0 0.549415 0.770151 0.030206 0.045309
0 0.622692 0.733023 0.046987 0.051602
0 0.438100 0.876501 0.040275 0.033982
0 0.467747 0.896009 0.027968 0.035240
0 0.633879 0.964602 0.042512 0.039016
1 0.262846 0.666100 0.049225 0.054119
1 0.169043 0.674499 0.021256 0.022654
1 0.174078 0.699671 0.026850 0.015103
1 0.454322 0.809167 0.052581 0.037757
1 0.451525 0.952016 0.044750 0.039016
0 0.403979 0.978211 0.027968 0.043579
0 0.119819 0.926215 0.054818 0.027689
0 0.732888 0.870208 0.032443 0.031465
0 0.679188 0.871467 0.019019 0.028947
1 0.093528 0.899785 0.049225 0.015103
1 0.156178 0.896009 0.058174 0.015103
1 0.215471 0.890346 0.051462 0.013844
1 0.276442 0.883424 0.054818 0.020137
1 0.336295 0.875872 0.046987 0.020137
1 0.398944 0.870208 0.051462 0.016362
1 0.472222 0.864545 0.025731 0.017620
1 0.519768 0.859511 0.049225 0.012586
1 0.580180 0.853218 0.051462 0.015103
1 0.640592 0.848813 0.051462 0.013844
1 0.699885 0.838744 0.049225 0.061671
1 0.688138 0.639888 0.016781 0.056636
1 0.693732 0.705964 0.021256 0.057895
1 0.698207 0.771410 0.019019 0.052860
1 0.708276 0.971918 0.007831 0.056164
1 0.704919 0.908595 0.010069 0.067963
1 0.193656 0.979705 0.016781 0.026430
1 0.262458 0.984110 0.015662 0.030206
1 0.471662 0.986627 0.020137 0.022654
0 0.888952 0.975694 0.045868 0.048613
1 0.759738 0.836856 0.053699 0.017620
1 0.819031 0.828046 0.053699 0.020137
1 0.880561 0.823641 0.051462 0.021396
1 0.940414 0.819865 0.052581 0.026430
1 0.988387 0.813572 0.023227 0.018879
0 0.781553 0.581364 0.059293 0.052860
0 0.961111 0.631707 0.051462 0.040275
0 0.966145 0.667577 0.043631 0.021396
0 0.986708 0.588915 0.026583 0.042792
0 0.875527 0.459282 0.036918 0.040275
0 0.935380 0.390689 0.042512 0.049085
0 0.831337 0.359854 0.038037 0.040275
0 0.764213 0.374957 0.046987 0.042792
0 0.772044 0.306993 0.044750 0.052860
0 0.831337 0.278675 0.042512 0.054119
0 0.903496 0.235254 0.054818 0.035240
0 0.914683 0.269865 0.041393 0.041533
1 0.716107 0.154705 0.051462 0.017620
1 0.655136 0.128275 0.016781 0.050343
1 0.651220 0.066604 0.022375 0.055378
1 0.648982 0.017570 0.015662 0.035139
0 0.722819 0.071638 0.044750 0.030206
0 0.700444 0.040803 0.029087 0.031465
1 0.773163 0.151558 0.046987 0.013844
1 0.834134 0.146524 0.050343 0.016362
1 0.893986 0.141490 0.051462 0.011327
1 0.953839 0.135826 0.052581 0.017620
1 0.992302 0.128275 0.015396 0.015103
0 0.959433 0.023812 0.041393 0.042792