0 0.376478 0.053165 0.058034 0.059353
0 0.218202 0.090261 0.068586 0.050450
0 0.305254 0.161485 0.047483 0.044515
0 0.338228 0.197097 0.071224 0.068256
0 0.124556 0.192645 0.076500 0.077159
0 0.038823 0.232709 0.058034 0.062321
0 0.230073 0.376641 0.060672 0.053418
0 0.675883 0.216387 0.050121 0.071224
0 0.794590 0.278708 0.044845 0.071224
0 0.036185 0.461219 0.068586 0.056386
0 0.365926 0.453800 0.058034 0.077159
0 0.156211 0.814372 0.060672 0.080127
0 0.156211 0.939014 0.065948 0.062321
0 0.880322 0.919725 0.047483 0.071224
0 0.749745 0.517605 0.071224 0.056386
0 0.839434 0.498315 0.076500 0.059353
0 0.959460 0.817340 0.063310 0.062321
0 0.687753 0.993990 0.036931 0.012019
0 0.197099 0.989539 0.042207 0.020922