0 0.016661 0.045850 0.033322 0.050450
0 0.257546 0.062173 0.058034 0.059353
0 0.014023 0.252104 0.028046 0.059353
0 0.029851 0.296619 0.059701 0.053418
0 0.015342 0.476163 0.030684 0.056386
0 0.043874 0.557774 0.047483 0.059353
0 0.231167 0.523645 0.036931 0.068256
0 0.003471 0.691319 0.006943 0.029677
0 0.181046 0.559257 0.042207 0.032644
0 0.183684 0.594869 0.058034 0.044515
0 0.413184 0.655707 0.052759 0.047483
0 0.655873 0.568160 0.021103 0.068256
0 0.583330 0.452421 0.044845 0.038580
0 0.625537 0.237265 0.044845 0.089030
0 0.641365 0.139332 0.060672 0.077159