0 0.463530 0.011692 0.052759 0.023383
0 0.512331 0.063447 0.055397 0.068256
0 0.996877 0.014659 0.006247 0.029319
0 0.267004 0.195508 0.065948 0.071224
0 0.052013 0.156929 0.079138 0.053418
0 0.057288 0.066415 0.058034 0.038580
0 0.110047 0.091640 0.047483 0.053418
0 0.253814 0.461115 0.065948 0.086062
0 0.132469 0.578338 0.081776 0.083095
0 0.104771 0.667368 0.047483 0.083095
0 0.012817 0.682206 0.025633 0.065289
0 0.007541 0.765301 0.015082 0.065289
0 0.281512 0.667368 0.063310 0.083095
0 0.020730 0.870653 0.041461 0.050450
0 0.098176 0.846912 0.060672 0.056386
0 0.046737 0.818719 0.058034 0.035612
0 0.549262 0.524920 0.065948 0.083095
0 0.627081 0.495243 0.052759 0.071224
0 0.645547 0.429954 0.047483 0.071224
0 0.665331 0.732656 0.060672 0.089030
0 0.631038 0.900330 0.050121 0.080127
0 0.760297 0.778655 0.081776 0.068256
0 0.729960 0.866202 0.063310 0.077159
0 0.751064 0.949296 0.058034 0.065289
0 0.842072 0.879556 0.060672 0.044515
0 0.909339 0.875105 0.052759 0.059353
0 0.970497 0.708915 0.059005 0.071224