0 0.132244 0.067794 0.044845 0.053418
0 0.351193 0.060374 0.055397 0.050450
0 0.000834 0.193920 0.001667 0.062321
0 0.075529 0.195403 0.058034 0.065289
0 0.351193 0.182049 0.050121 0.068256
0 0.467261 0.128631 0.060672 0.056386
0 0.308986 0.486235 0.060672 0.077159
0 0.019299 0.480300 0.038598 0.041547
0 0.075529 0.564878 0.068586 0.080127
0 0.021937 0.646489 0.043874 0.065289
0 0.003471 0.839388 0.006943 0.059353
0 0.015342 0.976080 0.030684 0.047841
0 0.104546 0.990918 0.047483 0.018164
0 0.152029 0.932869 0.058034 0.068256
0 0.298434 0.880935 0.065948 0.077159
0 0.886692 0.553008 0.055397 0.097933
0 0.786451 0.524815 0.050121 0.065289
0 0.683572 0.180565 0.060672 0.053418
0 0.692804 0.112309 0.042207 0.059353
0 0.526615 0.121212 0.063310 0.077159
0 0.674339 0.029445 0.052759 0.058891