0 0.086306 0.227943 0.047483 0.083095
0 0.019411 0.398584 0.038823 0.044515
0 0.119280 0.306586 0.060672 0.056386
0 0.199737 0.314005 0.073862 0.077159
0 0.158849 0.379294 0.050121 0.053418
0 0.170719 0.414906 0.068586 0.053418
0 0.244581 0.487614 0.063310 0.056386
0 0.346142 0.411939 0.055397 0.071224
0 0.400219 0.486130 0.047483 0.065289
0 0.495185 0.489098 0.047483 0.059353
0 0.677202 0.404519 0.052759 0.062321
0 0.638952 0.181944 0.050121 0.038580
0 0.764253 0.238330 0.052759 0.050450
0 0.844710 0.235362 0.060672 0.038580
0 0.756340 0.368907 0.089690 0.044515
0 0.906702 0.291748 0.058034 0.068256
0 0.972650 0.281361 0.052759 0.094965
0 0.977092 0.024941 0.045816 0.049883
0 0.843391 0.460905 0.047483 0.050450
0 0.201056 0.684964 0.071224 0.053418
0 0.090263 0.720576 0.065948 0.083095
0 0.027325 0.769543 0.054651 0.050450
0 0.106090 0.785865 0.050121 0.065289
0 0.191823 0.759156 0.052759 0.041547
0 0.022049 0.969860 0.044099 0.059353
0 0.110047 0.996801 0.058034 0.006398
0 0.232711 0.995317 0.071224 0.009366
0 0.252495 0.941668 0.047483 0.074192
0 0.319762 0.871927 0.087052 0.083095
0 0.375159 0.791800 0.060672 0.065289
0 0.459573 0.920894 0.060672 0.068256
0 0.534754 0.965409 0.042207 0.062321
0 0.586193 0.965640 0.050121 0.068719