0 0.181871 0.008671 0.062242 0.017343
0 0.260493 0.093814 0.032759 0.049753
0 0.187604 0.157387 0.037673 0.051595
0 0.200708 0.254128 0.027845 0.046067
0 0.544676 0.047747 0.044225 0.049753
0 0.457046 0.191477 0.049138 0.023955
0 0.450495 0.214511 0.049138 0.040539
0 0.525021 0.186870 0.047500 0.029483
0 0.536487 0.230173 0.057328 0.053438
0 0.785455 0.074466 0.044225 0.047910
0 0.665066 0.218196 0.045862 0.040539
0 0.628212 0.301117 0.024569 0.033168
0 0.396442 0.314016 0.029483 0.036854
0 0.651962 0.291904 0.026207 0.036854
0 0.681445 0.246758 0.032759 0.038696
0 0.755153 0.242151 0.055690 0.022112
0 0.797739 0.240308 0.042587 0.055281
0 0.864076 0.146331 0.034397 0.047910
0 0.968086 0.115005 0.036035 0.040539
0 0.888645 0.213589 0.044225 0.046067
0 0.967267 0.222803 0.034397 0.049753
0 0.903387 0.272555 0.037673 0.031326
0 0.175320 0.722172 0.039311 0.035011
0 0.819033 0.597790 0.049138 0.058966
0 0.761704 0.630958 0.052414 0.062651