0 0.002879 0.400963 0.005758 0.042382
0 0.025414 0.481120 0.042587 0.051595
0 0.015983 0.759366 0.031966 0.040539
0 0.352184 0.989323 0.031121 0.021354
0 0.052440 0.988402 0.044225 0.023196
0 0.064724 0.910467 0.042587 0.044225
0 0.094207 0.880062 0.052414 0.042382
0 0.371839 0.876377 0.050776 0.053438
0 0.563479 0.962984 0.027845 0.035011
0 0.296494 0.794377 0.050776 0.051595
0 0.311235 0.707771 0.037673 0.040539
0 0.413607 0.709614 0.042587 0.044225
0 0.399684 0.668153 0.050776 0.046067
0 0.431624 0.613794 0.045862 0.044225
0 0.458651 0.582468 0.040949 0.047910
0 0.517617 0.590760 0.027845 0.042382
0 0.484858 0.567727 0.027845 0.036854
0 0.113044 0.590760 0.054052 0.035011
0 0.123691 0.529951 0.026207 0.049753
0 0.470935 0.452558 0.036035 0.042382
0 0.498780 0.388986 0.032759 0.047910
0 0.374296 0.388986 0.032759 0.047910
0 0.367745 0.342918 0.039311 0.040539
0 0.203131 0.307907 0.044225 0.040539
0 0.203950 0.250784 0.039311 0.051595
0 0.089294 0.243413 0.055690 0.044225
0 0.113044 0.274739 0.037673 0.040539