0 0.221148 0.032186 0.027845 0.029483
0 0.254726 0.022051 0.036035 0.035011
0 0.294037 0.019778 0.036035 0.039556
0 0.140889 0.077332 0.037673 0.046067
0 0.473392 0.019778 0.044225 0.039556
0 0.444728 0.110500 0.022931 0.035011
0 0.563479 0.164859 0.027845 0.040539
0 0.223605 0.153803 0.039311 0.036854
0 0.118777 0.237646 0.039311 0.035011
0 0.054078 0.332544 0.037673 0.055281
0 0.113863 0.339915 0.042587 0.044225
0 0.226062 0.292005 0.050776 0.033168
0 0.193303 0.399802 0.054052 0.042382
0 0.125328 0.464296 0.032759 0.064494
0 0.177743 0.459690 0.032759 0.058966
0 0.095845 0.401645 0.026207 0.035011
0 0.443090 0.368477 0.045862 0.031326
0 0.466021 0.472589 0.045862 0.047910
0 0.474211 0.544453 0.036035 0.058966
0 0.429168 0.559195 0.031121 0.029483
0 0.423435 0.583150 0.045862 0.040539
0 0.352184 0.671599 0.037673 0.084764
0 0.425073 0.774790 0.042587 0.055281
0 0.141708 0.732408 0.026207 0.036854
0 0.108949 0.776632 0.039311 0.029483
0 0.012707 0.859553 0.025414 0.044225
0 0.153174 0.892722 0.042587 0.040539
0 0.432443 0.980451 0.040949 0.039099
0 0.579859 0.986900 0.040949 0.026200