0 0.642953 0.027819 0.044225 0.047910
0 0.439029 0.036111 0.055690 0.064494
0 0.331743 0.095998 0.040949 0.036854
0 0.702738 0.090470 0.049138 0.040539
0 0.782179 0.119032 0.063880 0.053438
0 0.508642 0.167863 0.047500 0.036854
0 0.384977 0.289480 0.045862 0.058966
0 0.534849 0.355817 0.034397 0.044225
0 0.851791 0.222222 0.045862 0.053438
0 0.935327 0.179840 0.036035 0.046067
0 0.257217 0.479277 0.036035 0.025798
0 0.364502 0.455323 0.037673 0.044225
0 0.450495 0.424918 0.045862 0.031326
0 0.460322 0.471907 0.036035 0.047910
0 0.547133 0.494940 0.032759 0.038696
0 0.590539 0.515210 0.037673 0.053438
0 0.534030 0.543772 0.039311 0.036854
0 0.513556 0.621165 0.040949 0.036854
0 0.609375 0.594446 0.045862 0.057123
0 0.291614 0.781479 0.026207 0.055281
0 0.424287 0.770422 0.049138 0.044225
0 0.391529 0.832153 0.042587 0.038696
0 0.294071 0.826624 0.034397 0.027640
0 0.264588 0.862557 0.040949 0.044225
0 0.148293 0.850579 0.047500 0.060809
0 0.375149 0.881905 0.042587 0.046067
0 0.615927 0.722513 0.039311 0.029483
0 0.809205 0.447952 0.055690 0.044225
0 0.979129 0.400963 0.041742 0.042382
0 0.850153 0.528109 0.055690 0.038696
0 0.848516 0.729883 0.052414 0.033168
0 0.926318 0.728041 0.034397 0.036854
0 0.989776 0.759366 0.020449 0.040539
0 0.888645 0.845973 0.047500 0.055281
0 0.961534 0.875456 0.042587 0.044225
0 0.796101 0.906781 0.039311 0.040539
0 0.710109 0.919680 0.050776 0.047910
0 0.684721 0.984174 0.045862 0.029483
0 0.457046 0.931658 0.049138 0.038696
0 0.181871 0.981031 0.062242 0.037938