0 0.918610 0.864052 0.050086 0.063961
0 0.900335 0.652372 0.035196 0.039595
0 0.997546 0.958471 0.004908 0.042641
0 0.005485 0.928014 0.010971 0.039595
0 0.111820 0.774202 0.058208 0.073098
0 0.470543 0.800853 0.044671 0.031981
0 0.506416 0.802376 0.029781 0.041118
0 0.071886 0.602116 0.048732 0.054824
0 0.154460 0.552623 0.056854 0.059392
0 0.124679 0.692728 0.054147 0.050255
0 0.075947 0.456681 0.048732 0.031981
0 0.591020 0.551861 0.033842 0.054824
0 0.377817 0.554907 0.037903 0.045687
0 0.228912 0.471910 0.048732 0.047209
0 0.266815 0.420893 0.048732 0.039595
0 0.336530 0.231294 0.050086 0.071576
0 0.421134 0.026939 0.054147 0.053878