0 0.084069 0.021074 0.048732 0.042148
0 0.151076 0.005084 0.058208 0.010168
0 0.201162 0.058139 0.044671 0.056347
0 0.979272 0.235555 0.041457 0.057870
0 0.992808 0.379467 0.014383 0.047209
0 0.857017 0.862222 0.064976 0.041118
0 0.848219 0.910954 0.036549 0.053301
0 0.663442 0.993930 0.037903 0.012141
0 0.014284 0.834810 0.028569 0.050255
0 0.071886 0.709172 0.035196 0.048732
0 0.327054 0.641403 0.047379 0.056347
0 0.083392 0.457134 0.033842 0.041118
0 0.440086 0.270581 0.032488 0.048732
0 0.548380 0.499014 0.059562 0.063961
0 0.691192 0.305100 0.044671 0.056854
0 0.568685 0.179208 0.040610 0.033503
0 0.725034 0.137329 0.044671 0.031981
0 0.716912 0.186061 0.031135 0.028935