0 0.859967 0.149534 0.045533 0.030458
0 0.736906 0.164763 0.028304 0.041533
0 0.771363 0.233985 0.035688 0.022151
0 0.946726 0.305976 0.036918 0.022151
0 0.794130 0.394580 0.017229 0.038764
0 0.883349 0.536485 0.025843 0.031842
0 0.867966 0.609861 0.027073 0.045687
0 0.680913 0.582172 0.041841 0.031842
0 0.651994 0.454111 0.038149 0.035995
0 0.709217 0.473493 0.034457 0.047071
0 0.765210 0.509489 0.023382 0.041533
0 0.919037 0.240907 0.030765 0.022151
0 0.861813 0.326743 0.022151 0.030458
0 0.703064 0.692927 0.036918 0.029073
0 0.973799 0.687389 0.036918 0.045687
0 0.736906 0.800221 0.020920 0.041533
0 0.842124 0.883288 0.034457 0.041533
0 0.803359 0.971892 0.045533 0.027689
0 0.906115 0.982485 0.036918 0.035030
0 0.699988 0.973276 0.043071 0.027689
0 0.600923 0.924129 0.034457 0.034611
0 0.387412 0.971892 0.043071 0.041533
0 0.252044 0.919975 0.043071 0.029073
0 0.238508 0.870828 0.033227 0.038764
0 0.292039 0.798837 0.029535 0.027689
0 0.333880 0.796068 0.031996 0.033227
0 0.426176 0.826526 0.044302 0.038764
0 0.445866 0.862521 0.031996 0.027689
0 0.496321 0.909592 0.024612 0.044302
0 0.524625 0.876365 0.039380 0.035995
0 0.556621 0.911669 0.041841 0.042918
0 0.517242 0.724769 0.041841 0.048455
0 0.488322 0.796068 0.028304 0.024920
0 0.440944 0.634781 0.034457 0.045687
0 0.421869 0.681159 0.033227 0.024920
0 0.230509 0.647241 0.034457 0.034611
0 0.253275 0.741383 0.033227 0.037380
0 0.572619 0.552406 0.036918 0.022151
0 0.324035 0.328819 0.027073 0.040149
0 0.241584 0.204912 0.034457 0.044302
0 0.224356 0.267904 0.024612 0.023535
0 0.282194 0.127383 0.017229 0.035995
0 0.547392 0.157841 0.035688 0.033227
0 0.359108 0.223602 0.020920 0.023535
0 0.468632 0.063007 0.038149 0.040149
0 0.424946 0.049163 0.036918 0.042918
0 0.188668 0.014544 0.027073 0.029088