0 0.919652 0.122972 0.041841 0.037380
0 0.978901 0.257955 0.042199 0.038764
0 0.899347 0.296719 0.030765 0.044302
0 0.851968 0.480850 0.044302 0.035995
0 0.919652 0.788196 0.034457 0.052609
0 0.940573 0.619986 0.022151 0.026304
0 0.999206 0.854649 0.001589 0.024920
0 0.840893 0.982709 0.041841 0.031842
0 0.942419 0.952252 0.038149 0.029073
0 0.994899 0.947406 0.010203 0.027689
0 0.742444 0.816577 0.054147 0.048455
0 0.729522 0.734202 0.047994 0.033227
0 0.665531 0.669134 0.035688 0.035995
0 0.605230 0.687132 0.030765 0.047071
0 0.723369 0.500924 0.062761 0.031842
0 0.596001 0.823499 0.029535 0.048455
0 0.699372 0.932177 0.029535 0.047071
0 0.188668 0.997931 0.027073 0.004138
0 0.449558 0.913487 0.024612 0.034611
0 0.356031 0.877492 0.027073 0.037380
0 0.256967 0.805501 0.023382 0.042918
0 0.194206 0.695438 0.020920 0.024920
0 0.180669 0.649059 0.033227 0.048455
0 0.411409 0.721050 0.034457 0.031842
0 0.324035 0.757046 0.031996 0.023535
0 0.512319 0.703745 0.034457 0.030458
0 0.532009 0.642829 0.036918 0.035995
0 0.490783 0.858110 0.025843 0.026304
0 0.558467 0.811039 0.043071 0.023535
0 0.419408 0.514077 0.035688 0.044302
0 0.296962 0.429626 0.039380 0.024920
0 0.557852 0.361788 0.039380 0.049840
0 0.549853 0.441393 0.033227 0.029073
0 0.514780 0.503001 0.041841 0.038764
0 0.672914 0.361788 0.033227 0.055378
0 0.660608 0.289797 0.030765 0.044302
0 0.456326 0.251033 0.030765 0.038764
0 0.308037 0.464237 0.022151 0.033227
0 0.512319 0.187349 0.031996 0.022151
0 0.843969 0.308487 0.033227 0.031842
0 0.424946 0.028138 0.027073 0.044302
0 0.480323 0.011300 0.027073 0.022600